0.6656733468904199,-0.1178988481388424,1
0.6610855798776423,0.0860352425298534,1
0.3469453892023835,0.9430753319440384,2
-0.1038206683148782,0.3327078889181792,1
0.7333155185705471,-0.9183580926629235,2
0.9322362589738455,-0.5586330876463833,2
0.1762922166649565,0.8254472198074412,2
-0.960379513283338,0.6081603280025909,2
-0.1183157990078442,-0.2039973130531655,1
0.4823938569880897,-0.8804360477435188,2
0.1731910439487192,0.8771595024705781,2
-0.05178462844548448,0.2819302551311866,1
-0.4515481003295977,0.9215657914158024,2
0.9378353127339221,0.5586536041696595,2
0.2693049172851241,-0.8373291030675801,2
-0.8876670140762796,0.1425790271391036,2
0.9987985062283795,-0.3272486186825999,2
0.1647252183600811,0.6459272439201507,1
0.1219837399889867,-0.1359109803063568,1
-0.2898145122690671,0.8548655707703297,2
-0.5037215558175231,0.8859294493963836,2
0.3149873807239321,0.1345553035134932,1
0.4386991541068632,0.8608369223385155,2
0.2377030746366096,0.9375222505948859,2
-0.6071794392380255,-0.8790051855677196,2
-0.9739058589700337,-0.3280246753533739,2
0.2261240890549696,-0.492814475530779,1
-0.8697835748041659,-0.09169075487709988,2
-0.09203665497129065,-0.4137978722931316,1
0.3002350551460151,0.6229536972287513,1
-0.4767058260356433,-0.4066354362209724,1
-0.6409776860335575,-0.127209399244495,1
-0.972689618049872,0.220632979968163,2
-0.586998531941113,0.6910027262333809,2
-0.2633909952399672,-0.9986835316641632,2
-0.05312318811994909,0.0002177499833642127,1
-0.5609090310192265,0.7139566360444383,2
-0.05008954692993572,-0.149649307500522,1
-0.2561903826700979,-0.8423519865041665,2
-0.1820964791251388,0.9393422911474298,2
-0.3384964437899033,-0.359754712366842,1
0.9309739453861741,0.09325526790535865,2
0.8932626390921632,0.8827802750150784,2
0.1440634780883892,-0.1795368730951273,1
0.3612119346108338,0.01750285163957099,1
0.8669226889204631,0.1212289339055679,2
0.9418517720313324,-0.2664614397217869,2
0.2066513742283818,-0.9436094518681645,2
0.05496496228608039,0.4930401634650317,1
-0.3180743757644054,0.8564843134094675,2
0.8927987072695194,0.8493215050563798,2
-0.6713345059872785,-0.6131883015238796,2
-0.3782731745529314,0.1511495291925693,1
-0.2701985323256323,-0.9911354346901712,2
0.5103880389940452,0.4848268113925567,1
-0.002808272076922358,0.2846867823010573,1
0.2261517856519111,-0.9683204474345352,2
0.3201082125792423,0.9360143602959294,2
0.9412955186868912,-0.8590180533205719,2
0.3009537854540281,-0.5749698083272029,1
0.1494155848327476,0.4016916752187989,1
0.8230265043085805,0.7879591327382971,2
0.5557632500802827,-0.009741074619663004,1
0.3208616221219167,0.6207186666359807,1
0.3768350433518826,0.9404597096300462,2
-0.02261204413218121,0.4458189625012559,1
0.6202108842430927,-0.7220618179079971,2
-0.9961696937495373,-0.3885864579377035,2
0.2143100981942083,-0.5816841934195766,1
0.5466614433360357,-0.9516464061395827,2
0.1452330363315744,-0.9990228586840951,2
0.4087631003406811,0.7692939479155703,2
0.834439123408933,-0.6577670577216507,2
-0.4725896595714275,0.4031705226576068,1
0.8336460037579823,-0.842345937847449,2
-0.4472427734204677,-0.07849060133064378,1
-0.9357916277683068,0.3848062145703006,2
-0.581969985559054,0.8414744568858139,2
0.1408435223170741,-0.198313491431458,1
0.06360369532475629,-0.9614543383653259,2
0.3477064213880443,-0.848301563421849,2
-0.6206631135127844,0.7486566390088556,2
0.956079659632687,-0.8595132998582461,2
-0.6258359181857615,-0.1310514576702878,1
-0.8469410685000428,0.1533948933525506,2
0.2352590923604521,0.4285604230940299,1
-0.3751699405825687,0.1699506251602458,1
-0.6388089092400714,-0.07684602570467691,1
-0.3699504743748782,-0.9917805830123164,2
0.6251726164158671,-0.1513894600982167,1
0.8596062964700104,0.1258561097593827,2
-0.262895227101629,0.4657155233526957,1
-0.4259375016890116,-0.1834128239091507,1
-0.2096789170280816,0.09239224216575725,1
0.2104868585770283,0.5492807568028277,1
-0.7019971818539145,0.05128931573505624,1
-0.9894205898072977,-0.3867845037116958,2
0.9335409735203417,0.9522805591275993,2
-0.7288246847509955,-0.59835475364372,2
0.7749621361164134,0.6302627530474907,2
-0.08556379111973278,0.3471304032424394,1
0.6869075139988876,0.6757516729430111,2
0.2317792527065925,-0.1249420560630835,1
-0.8961799156081894,-0.1189872498596297,2
0.5891615866746338,0.715233801315265,2
-0.117281664935417,-0.3214858233743886,1
0.7766369608142607,0.3571132649569531,2
0.9529875308653026,0.1943207594378391,2
0.3192991315261688,-0.2276027417507495,1
0.7522353740443362,0.8142621994663426,2
-0.3194212194740892,0.03981202205507794,1
-0.05993528782447599,0.001670664949905865,1
0.01307139679516056,0.9979746965755605,2
-0.7691283740269527,-0.4557493403477365,2
0.836572935247615,0.4311251348791325,2
0.1856950306686709,0.1374548097312431,1
-0.8903352727698558,-0.9212387126354101,2
-0.8431477707427789,-0.2702151375802205,2
-0.5863909184688388,-0.009808063934696354,1
0.2456834104535639,0.02429678098972188,1
-0.5883462115051586,-0.2500249418115105,1
0.8983764337642461,0.9936202682984108,2
0.3329415521059722,0.9395300981695882,2
0.03353276447072528,-0.4164969750523103,1
-0.9997389164122313,0.01682066569368201,2
0.1554166258652123,-0.9446257192268194,2
-0.2146996509637892,-0.5251453271651015,1
-0.02380184437380917,-0.2687547316111522,1
0.9566670730602338,-0.2389835181565622,2
-0.9613443438935273,-0.3066320283059402,2
0.9694987146662057,-0.2966532945815613,2
0.6889893343785969,-0.6410311213928636,2
0.2092662698047334,-0.2923480144175913,1
0.5343508638009498,-0.2429084064628225,1
0.2893330473429219,-0.2082979859384636,1
-0.5395199179259454,0.4047150710825234,1
0.599719266802579,-0.03044527453955748,1
0.01011801946487534,-0.9037552495273443,2
-0.6863175187063421,0.5918548543615827,2
0.1139328909020709,-0.2873663152062232,1
-0.4076876027119963,0.548793110195813,1
-0.5875427537693659,0.3321378533801533,1
-0.2742977828975065,0.09095779335376175,1
0.6316212858399313,0.9731373647730852,2
-0.3472551119781547,-0.5644060671623389,1
-0.9288540543240781,0.397281781385282,2
-0.8241231168855981,0.703948214632854,2
-0.5422286611510511,0.3707305242827539,1
0.2184649511748826,-0.867923322195811,2
-0.9199760338229935,-0.9298265650325063,2
0.5233364752981589,-0.8551065741106326,2
0.4401510958251176,-0.00544126145186874,1
0.9011533990430469,-0.2552079147726535,2
-0.9686540536311611,0.355676642179124,2
0.06569331455025451,0.4611343593675903,1
0.371281240724882,0.1070530730485071,1
-0.9752666668702964,0.9653273327363854,2
0.2725934868075979,0.554474907511405,1
-0.392793531931208,0.3933226710957645,1
0.7772378382275196,-0.7237598919399512,2
0.5820958509957037,0.9588958620209065,2
-0.4147753314808748,0.7302758077515783,2
-0.8099181163513928,0.8878802278888946,2
-0.5470425798555906,0.9123517794874307,2
0.7834356828587392,0.8549342253721193,2
-0.3353730087109638,-0.280956392055114,1
0.1047995103795765,0.2870406529957381,1
0.3592541637542961,0.7756251573795891,2
-0.7644248235235501,-0.957520732546152,2
-0.946278045531823,-0.6006785712269381,2
-0.05613513009895243,-0.3816310223096971,1
0.994739978056101,-0.4954068161951962,2
0.8088433744348082,0.9738239637441775,2
0.510405683538331,-0.2538326813358086,1
-0.9629257195600177,-0.849677482749306,2
0.8669437434003067,-0.9215909882231513,2
-0.9819326942350667,-0.7867978438872135,2
0.03555685085015026,0.1926956669301549,1
0.2079762408785428,0.5812972983534876,1
0.3274081911866515,0.2468907723280058,1
-0.1025689177637402,0.4487647534652652,1
-0.5492755867305742,-0.4312817970897281,1
-0.829852818438826,0.8254799235220147,2
-0.870518457945984,-0.05199208941654587,2
-0.6470147917962553,0.6905910906826687,2
-0.2129688019268178,-0.1458197098469295,1
-0.4179525440877853,-0.7917108065947024,2
0.01473108286102209,0.3837870924399434,1
-0.1248545202903159,-0.1996140363410283,1
-0.0470281961153739,-0.2185739038752438,1
0.5148293453123753,-0.1225274115115381,1
0.9922876040313739,0.9210931881611781,2
0.7136591873897282,-0.6938645459796361,2
0.2351924151050293,-0.8665790311002314,2
-0.3132899063204663,-0.358537965045561,1
-0.3759697165186401,0.1637685553955055,1
-0.2507452992796465,-0.9887764902161885,2
-0.3487473544720067,0.5520384364266102,1
0.8977937006182906,-0.6304511722933327,2
0.6164749302061598,-0.09055356124504466,1
-0.2292626842000215,0.6623552579516687,1
0.3038475880717368,-0.1705111046089346,1
0.975495922138935,0.4938205835864597,2
0.5055352978013052,0.6986588500746946,2
0.1168682702246828,0.9441942751421979,2
0.1541327970198241,0.09513809623242797,1
0.2515794193513741,-0.4029071813752697,1
0.9795770270991087,-0.01468178023774425,2
0.07949154649156243,-0.6112700815518589,1
0.2847259833301647,-0.4204919390058742,1
-0.2839953141221875,0.2728622357476562,1
0.2251197859316671,0.002443067244926711,1
-0.1018747282486153,-0.8607185593909675,2
-0.1669950411292241,0.3196934418061552,1
-0.9547067411947642,-0.4978182661041787,2
0.1012566705656091,0.3275342713801475,1
-0.5032142653455779,0.3915435159124463,1
0.66791793030169,0.7933699852510863,2
0.6159787931470622,-0.7405709243568613,2
0.5155869432926139,-0.9884811030606299,2
0.9640378253612787,-0.1277724879672258,2
0.6065107844344815,0.7191495861100463,2
0.03674950626728868,0.4682277520128926,1
0.4501437156130372,0.9057084543689347,2
-0.4061564874621443,0.9590214965091428,2
-0.9083569488108726,0.8844059198660186,2
0.7562303279103366,0.9029042957511719,2
0.638320473692582,-0.1432093606799559,1
-0.6221010417079434,0.3158554047767685,1
0.5050564015286922,-0.1189086081882648,1
-0.3179566220759621,0.988808210870713,2
-0.6929196117543842,0.7348570341301885,2
0.9715507255836604,0.8685070216509898,2
0.6508061498627702,0.6736991997884711,2
-0.323231608431484,0.9762047479868923,2
-0.1949668237414105,0.4032158535824075,1
0.6036388766731764,-0.9707792059026873,2
-0.6638814696714147,-0.5681008585147455,2
0.1535554350798112,-0.4640269527449642,1
0.8599149585350596,-0.5709817501258739,2
0.7532140098372295,0.9786988224662623,2
0.3186760960372599,-0.2578395846979321,1
0.01553851047004917,-0.9504963308188229,2
0.9805021286463937,-0.5404235539332384,2
0.3120756664858075,-0.5755462604089886,1
0.8296159079444345,-0.3182040271508283,2
-0.2134102963687939,0.2321862708714779,1
0.4843807005071761,0.8557427209340314,2
0.337478398362151,0.1565668719835889,1
-0.2941826592792779,-0.9380995683355365,2
0.7847851109672868,0.8561773929907666,2
-0.8619700740827151,-0.5342004585680084,2
-0.3877953709419392,0.5470210695306534,1
0.1558057336440397,-0.09466994595203537,1
0.5479622242350339,0.09301423092202654,1
0.2117328555146654,0.507320571991954,1
0.5501471103984199,0.444168173724798,1
-0.01084516938322777,0.2206477900720227,1
0.8230933721315374,-0.1825759566265955,2
0.2639293275495942,0.3192535829571226,1
-0.4357595002698983,0.4366285749735634,1
0.7269779515240407,-0.7269744570648019,2
0.2178494407806681,-0.9391386992666518,2
0.03463607006020952,0.5017132188263769,1
0.2408207548767334,-0.507264005432518,1
0.5459585621925636,0.8116332072789938,2
0.1473755159412944,-0.4234152098286498,1
0.08946711695832299,-0.1154187600709019,1
0.1818177678381805,-0.4480507387060345,1
-0.09474143677761393,0.2942998089506228,1
0.9836196591024891,-0.3995750549327463,2
0.2140031308346286,0.3857558887838983,1
-0.7891276157699755,0.357887972363891,2
-0.2309353054193289,-0.01118367707430867,1
0.8389632774516549,0.8032420088432815,2
-0.6038617671335015,0.8781342641837029,2
-0.7082524238236375,-0.5566247476020975,2
0.9337881543741093,0.4792905734004298,2
0.1630510790120214,0.245695265260625,1
-0.9390908844742668,-0.2996387732681737,2
0.2458040649148554,0.4691354177967688,1
0.7237181908921657,-0.5667481179906956,2
0.1676356615163765,-0.9763427874474125,2
0.5641295876448664,-0.8758603293281176,2
0.002041057583027639,0.610418020641412,1
-0.9525882883902795,-0.8924841598182464,2
-0.8088655525682865,-0.8365840903284952,2
-0.7217337896472008,0.8450061516049747,2
-0.8602838030758614,-0.3425017793015218,2
0.9587909416300169,0.1601807921312459,2
-0.4968750776106304,0.4294456094013588,1
0.7884015990891775,0.7690345708687352,2
0.9064057036964153,-0.6539377621054531,2
0.7176344090443034,0.4327701168218827,2
-0.5189356692074941,0.3549015832719618,1
-0.9071545545060217,-0.8311801341984409,2
-0.9217598883429702,-0.8490293767974674,2
0.2973845942289042,-0.02435587186104182,1
-0.6146199275163199,-0.75673891313541,2
-0.8493134701729524,-0.6880627746328284,2
0.9522022349214105,-0.7615426957604888,2
-0.183907786972198,0.3688006894249884,1
-0.1137107130892577,-0.4357840019842126,1
0.1832335760699708,-0.04967894904875181,1
0.3997567130763149,0.2254357475049711,1
0.593571129561149,-0.009721717844596856,1
0.1303507488162978,-0.3581806370242692,1
0.4457449791712995,-0.394963506265723,1
0.1213034380883387,-0.02889787314763581,1
-0.1044510742252313,-0.2385917045672997,1
-0.9748902443427684,0.2545186473556809,2
-0.4744139272065392,-0.2957447266011274,1
-0.4455108131185389,0.2007081073806547,1
-0.721803863101863,-0.5145360136319727,2
-0.07416991050087363,-0.9928549190779093,2
-0.4920800488092306,0.3287045961626474,1
-0.4323545527511202,0.008168064782247297,1
-0.1965515114796447,0.2725431584786329,1
-0.8238526203446225,0.3394025440954707,2
-0.1785995440485771,-0.129588671651787,1
-0.08978441136960968,0.07526022270051302,1
-0.9380999222250396,0.8978871266992166,2
0.5584249552307567,-0.6579540179369375,2
0.2823631654709524,-0.3907169903647133,1
-0.6617814259530542,-0.6893992208421903,2
0.4720229466091461,0.3797637711642736,1
-0.515887361359472,-0.01123226518528375,1
-0.5897705246246497,0.3718884410045449,1
-0.9336220227094106,0.2776098756461518,2
-0.4428941525368871,-0.3326833393008238,1
-0.2679186132611312,-0.8532056492639201,2
-0.3547564835640628,-0.8743233499450701,2
-0.5972314281163719,-0.259026702140552,1
0.2375667884043136,-0.5099141598077251,1
0.03559848113626507,-0.02542746509088334,1
-0.3019189376228065,-0.3356810059351348,1
0.3236981169572828,-0.9852124416369882,2
0.1368205968249607,0.2118391192244431,1
-0.6465816019070106,0.1060700457055141,1
0.9825475330665498,-0.8674978355458417,2
-0.8533456768665476,0.7979996067721926,2
0.9878688152787405,-0.8679797335680913,2
-0.102544289120296,0.3963937128296331,1
-0.1052431334872771,-0.6126710287801683,1
-0.387205396127389,0.5673572357978158,1
-0.3230904787880456,0.9164424637143334,2
0.2332766528809083,0.1311530528314262,1
0.2364642400485366,-0.513205839903664,1
0.8949639990764662,0.9640373763158105,2
0.4829134642901385,0.3580731604613778,1
0.8446269754643019,-0.02448589009720947,2
-0.8916415835049051,0.9780201441401211,2
-0.1911516529874598,0.02336667655047564,1
0.4618426176033239,-0.05087333293557561,1
0.9254217049223223,-0.0748459231858184,2
-0.3392337557606689,-0.3157672270028299,1
-0.1204411352663574,0.2680675000741937,1
0.5298505039564274,0.9159388441710665,2
-0.07944600341422181,0.2448245508900164,1
-0.9968530653327355,-0.3280902270152922,2
-0.1214868431912867,-0.5738596644496733,1
-0.5474423083553904,0.9078582317259349,2
0.5013826399638428,0.754562979325665,2
0.3949211217147637,-0.8696531845280561,2
0.6043936316229548,-0.1734829635482337,1
-0.162265018976857,-0.8691992698652423,2
0.7452925756157025,-0.5318855652817772,2
0.7315970014472715,0.9911094763477799,2
-0.5843988652516047,-0.6754371889888716,2
0.5822364530881849,-0.0441723009529601,1
-0.5940805927186587,-0.2541145545143834,1
0.8105038571759584,0.9656229196424342,2
-0.2257253275912913,0.05662500063516007,1
0.1818840128473798,0.1212538822377225,1
-0.5661808193447063,0.1818152676311637,1
-0.9224053221267822,0.9645861033233372,2
0.8495037864907211,-0.5533176605176383,2
0.3370451872493569,0.2993360776858951,1
-0.5328736663509875,-0.2958364941003689,1
-0.4927329348577535,0.0622719882106777,1
0.9136879797998276,-0.8598799080929292,2
-0.2382399209312643,-0.2928459860949418,1
0.9033221791719435,0.6028062633379414,2
-0.4461088566010373,-0.8689197587913663,2
0.6271185619253996,0.5667317135615075,2
0.3859833579388516,0.1647310117700225,1
-0.385662367057016,-0.06033703281210767,1
0.1623168250568614,0.5012608835047503,1
0.5426227774796262,0.2578282665718525,1
-0.9007156788369962,0.21569607792094,2
-0.5259528058127402,-0.1666251131516835,1
-0.7156019095369724,-0.9544039602517401,2
-0.03010890212759587,-0.9808774418222453,2
-0.8028176087440232,-0.6699779829389602,2
0.3711152268094591,-0.3622618412770199,1
-0.1096833224599364,-0.8662190612330248,2
-0.8082912989741616,0.6019488901602099,2
-0.1363834632819566,0.6622709742100108,1
-0.4980985066758749,-0.004001930912063911,1
-0.215895367364252,0.5506275540659795,1
-0.2779416360561352,-0.4973705759182906,1
-0.6080366240513307,-0.9916121769045027,2
0.4302204560341856,-0.4674181053851366,1
-0.1652414753176955,-0.37865503939192,1
-0.2763261990925691,-0.9007438571058327,2
-0.8165324843199525,-0.2095347512340479,2
-0.1757672149295134,-0.2033131891747967,1
-0.9070355655978898,0.4556124712635956,2
0.8317287933851465,-0.7947339451273877,2
0.520019346988152,0.05775677011774372,1
0.3913692835197788,0.7979871524318158,2
-0.08758719118792857,0.8693727857620268,2
-0.5612813705627006,0.1450348618856829,1
-0.8366486284299729,0.2065349647136299,2
0.0008089227361296469,-0.04344586802256456,1
0.2893654927286919,-0.385570001710185,1
-0.8981064065270351,0.229222242149399,2
0.2170245422937676,0.9044461019422418,2
0.998250521539827,0.02032952978077951,2
0.9842866418735574,0.132044485627888,2
-0.8156176115391373,0.3972008971220595,2
0.4893264798376198,-0.9920767793222204,2
-0.3568627236630247,-0.7746453988563199,2
-0.2318721846427972,-0.6415676609635902,1
0.8998468145879184,-0.5449999648339608,2
0.7825996826522965,0.5083219091736628,2
0.8437356411934198,-0.2893922816897508,2
0.4911414366231612,0.1471269353959268,1
0.9829477126809028,-0.742827996956848,2
0.9306868041629759,0.2998587313391097,2
0.8001485538986517,0.3476696899939971,2
-0.6552874280202453,0.6534955643371381,2
0.8495174685861875,0.5585814953254722,2
0.5305021359846123,-0.3609085253982128,1
0.8191908612607217,-0.9467794402134023,2
-0.6304926674821648,-0.7544952376323494,2
0.01322363407254401,0.9339229888790999,2
0.2518252428756222,-0.2189804829192431,1
-0.3590204761739287,-0.1458490534525237,1
-0.8400885513135042,-0.4740082587111184,2
-0.9793159414034932,0.2197897530211239,2
-0.2736935014990837,-0.1340091025106741,1
0.9651354442452413,-0.2913512970032769,2
-0.5602235385647737,0.1080113325953471,1
0.3297451284360835,0.0409848986218293,1
-0.7310063408103485,-0.6454153083007569,2
-0.568078311557871,-0.1942778999849551,1
-0.9720166577827,0.1818491436740262,2
-0.3769656790312065,0.2446471905776872,1
-0.006470149101814093,-0.2057229665592012,1
0.5626291452035579,0.3429791301791651,1
0.5522639588572138,0.67947491212126,2
0.403669588642616,-0.3546697464414731,1
0.3835533174534307,0.1919383241820134,1
0.2203758561727829,-0.5278538354979775,1
-0.2704939308070501,0.2946750472516932,1
0.6066621711364468,-0.9630429091392841,2
-0.8547171510256276,0.9152377389090105,2
0.5293480591241952,-0.6715480748960164,2
-0.7654024837995429,-0.4873304293635633,2
-0.4137458045923771,0.2235885812263483,1
0.1255527471467879,-0.6666429387292397,1
0.444873130245959,0.887468459688431,2
-0.9220315100652973,0.7826446787091088,2
-0.35902165503385,-0.4900999621223096,1
-0.5155321724696212,-0.6730497578074716,2
-0.877821447470324,0.927692982719734,2
0.1584106846671296,0.8567868252439523,2
-0.683486250908551,0.8806346232206246,2
0.5558186431419831,-0.889849917757619,2
0.9067598729469328,-0.7091292195445021,2
0.02112959934595904,-0.3515811423295064,1
0.3483680515072998,0.2464516595576804,1
0.8533643630194649,-0.4837103460569446,2
0.2074418220197434,-0.9120139538081661,2
0.1706863665354774,0.9709392413873736,2
-0.6301512148346998,0.7729537469020777,2
-0.873284955862342,-0.2735413597963027,2
-0.5730763310647397,-0.7649422053273632,2
0.4953843414126617,0.4786909250334708,1
-0.1970702988904817,0.9943428980534745,2
-0.1336779850144353,-0.2055755657691173,1
-0.839775766872589,0.7801744577075269,2
-0.5002859975977413,0.07157607987877479,1
-0.7068372756130435,0.4710130401367358,2
-0.931914793228858,-0.1724828940172755,2
-0.720399957841333,-0.9616912341349219,2
0.8499321980967076,0.1903269992470036,2
-0.3112271035690514,0.5916711574181279,1
0.9322255344677857,0.4142766300133314,2
0.1438400812175407,-0.8374294132451651,2
0.1654293596610341,0.1145714715855095,1
0.3531153217183478,0.3883349703789032,1
0.5953814076339514,-0.2498649640669345,1
0.5025500363947606,0.6753445249507304,2
-0.1579862050533881,-0.6018755046736602,1
-0.1604365007158642,-0.9230886199793792,2
0.8711597617187041,-0.8983041356568374,2
0.07511910721030057,-0.9684019100947659,2
0.6020884873576942,-0.1245079924225693,1
0.4659998748058469,-0.9648520157708794,2
0.3357433778165562,0.3948115011194664,1
0.385719596562534,0.7948578870685263,2
-0.5877035271420074,-0.6192443226902226,2
-0.5990298446003061,0.2394726921314723,1
0.5763902279017878,-0.8267647703915367,2
-0.8567845526921908,0.6018461322055455,2
-0.7595288171214006,-0.6264547520857399,2
-0.9119959796291374,0.03083682905208995,2
0.7094955831877232,-0.5940548414785701,2
0.4061340219525067,0.9862414910691739,2
-0.4578003659264943,0.5330069966201814,1
0.9750601436185049,0.8267398566856272,2
0.00571381610511823,-0.2116530185535827,1
0.9166616073030693,-0.3150948549822484,2
-0.2727087444591875,0.3354651685654166,1
0.9447798419727871,0.5647694660152336,2
0.8701042798768546,-0.2797328878818678,2
0.4881446477397904,-0.9119313599170896,2
0.3246797348681449,-0.04979997358830313,1
0.1466223593768992,-0.6267610790534136,1
0.08594568270638869,0.6955577697709434,1
0.1372298561443257,0.5145583737753621,1
-0.7770096082074155,0.7572999256073902,2
-0.8171604811397023,-0.3334222989951688,2
-0.8281582423160266,0.7724791279911152,2
-0.2038298639744659,0.3702780008799837,1
-0.04847407770887113,0.2542394312305503,1
0.385276195106862,-0.573901143202601,1
-0.9900527455158626,0.4047013716856211,2
-0.9702657487559249,0.01880136707164515,2
0.1416617597794467,0.4654195446919676,1
0.2427498948848699,0.9474443894241535,2
-0.2808426253866846,-0.8158583289604763,2
-0.1607515108289336,0.1603055539451679,1
0.9649803964008905,-0.3842174918957894,2
0.9751077352473423,-0.856668705813257,2
0.05632710041076239,-0.664981884955865,1
-0.8146958430860972,-0.889693511824292,2
-0.6813189540980952,-0.9429776250604934,2
0.1801388717106176,-0.05556980814114276,1
0.8215381585445181,0.8155962783361674,2
-0.3529888082074785,-0.5099138762819891,1
-0.334373515061004,0.5291196800916584,1
-0.07912509713931415,-0.5422190802198154,1
0.2229820519406704,0.633345340183981,1
0.9772529779123258,0.3057452035158461,2
-0.068425437518428,-0.5578666272294693,1
0.6090339863124834,-0.1077051666341388,1
-0.328701208116749,0.3926971768211112,1
-0.5376711669128796,0.8420088560147361,2
-0.852571492915675,-0.3040082762885871,2
0.3703528833166998,-0.9198767799255848,2
-0.9867694073430376,0.1336172156988678,2
0.387046438375197,0.04375207666988024,1
0.7621737310184635,0.9952651850894139,2
0.9673489684706091,-0.9999639439981342,2
0.9394205553486883,-0.8847018118035462,2
-0.116671814329203,0.8956250233810421,2
-0.1874111006004014,0.6062214035995981,1
0.2304668821689169,0.8161387602207633,2
0.5193962046567773,-0.6730921278324188,2
0.7156885941582205,-0.9135842821624899,2
0.9564859648820387,0.2208681806069623,2
0.381210570884583,0.04890006100720878,1
0.3607399302931291,-0.372834292462951,1
0.1371531013675615,0.07472071877254405,1
-0.6646001967395078,-0.1578750336617359,1
0.9334465249566299,-0.08191282800718003,2
0.9000285363226701,-0.2077765974269395,2
-0.8131774614718924,-0.3356777321973946,2
0.7642000651244261,-0.4342043653001982,2
-0.9388755694509984,-0.4971512000517883,2
-0.4912141028711264,0.812734496475624,2
0.5731632489718721,0.9771596838424348,2
-0.655867528338726,-0.5581953632188984,2
0.2553707300812087,-0.8972698357644125,2
0.9729820299380303,-0.3053963954313706,2
0.9623518439017138,0.7153290658522493,2
-0.6514237073860437,0.1417617774102056,1
0.8276742366950218,-0.7339845301991187,2
-0.3373353147876802,0.244589041299325,1
-0.1508202008366463,-0.9911965392888759,2
-0.2978608918506244,-0.5951374095999279,1
0.08335428844447157,0.4517205355537073,1
-0.5209116027677519,0.901218406689057,2
-0.4397992567961372,0.1373971358522219,1
0.0238217754375516,-0.06330276907390375,1
-0.906499127313006,-0.9759854663408419,2
-0.05175485855872497,0.4490739578235401,1
0.05223802400786148,0.9957502286515836,2
-0.1764079495290297,-0.05888817427828819,1
0.6014556028707709,-0.3152342619540517,1
-0.7366475347920426,-0.7372484833061034,2
0.8723479611175697,0.05755214545635212,2
-0.08592722743004544,0.5982130871937759,1
-0.2315822550304182,-0.1834469292187161,1
-0.6771377006965315,0.7663471426509758,2
0.05591669807701716,-0.5771961187479798,1
0.04448232222107595,0.16966268386488,1
0.07284320080768891,-0.1671335539955375,1
-0.5401810448046508,-0.8033421371283412,2
0.2406220478499481,-0.9922988959523905,2
-0.86270475128005,-0.6928154885772962,2
-0.683696397918227,0.6204598041970577,2
-0.4491314948507353,-0.8921936816890884,2
-0.4453421420778824,-0.8340521963994666,2
-0.9181209013384611,-0.1410975004290883,2
-0.7661945686945985,0.7288373631178318,2
-0.5706035963322594,0.9743643308610752,2
-0.33689260466596,0.2681331559057769,1
0.4106420591371565,0.1439079827053797,1
-0.09470488083327189,0.4385962393736609,1
-0.1523485068590856,-0.3971173131065456,1
-0.01194723618616866,0.6517453798048953,1
-0.9880702217761023,0.02979432841563079,2
-0.5706885019114408,0.1175191542273952,1
-0.955065678432404,0.7280812264613956,2
-0.5733582692917411,0.6305839129728132,2
-0.2833946664487367,-0.5053609527788926,1
-0.3479734165073008,0.1336870316637666,1
0.5087979954310833,0.3963639528254381,1
0.6143629145419616,0.7350499702101607,2
0.2801929507735934,0.1882905229765333,1
-0.1046102625208599,-0.3257183517272514,1
0.2297744929515599,0.4066912316932576,1
0.8972568874951063,-0.9208240905331789,2
0.2661146543197426,-0.1354132610911382,1
-0.03183071501352031,-0.04708060862591135,1
0.4804354555794534,0.9419873926030535,2
-0.2110571349806433,0.2821681724777323,1
0.5302483313673534,0.6570055213956032,2
0.2305579505703024,-0.1044492842121908,1
0.6300637578179609,0.5605327331371457,2
-0.02870844221408497,0.5202744372992649,1
-0.5851714499041637,-0.6378631683423267,2
-0.6376102176778508,0.2974384394049416,1
0.6341980168948773,-0.9933500486372838,2
-0.4109403276452223,0.4954658008449779,1
-0.5735448076871356,-0.9752536822960717,2
-0.155055374111447,0.6864040112057208,1
-0.5261459778083214,-0.9611876858124689,2
-0.6920139632622065,-0.8420837194888814,2
0.1445087449583886,0.1538792314740252,1
0.879084797642447,-0.7966057862714412,2
-0.5354857927736286,0.9527085629171552,2
-0.7935209165935125,-0.375295572797039,2
0.4824849835768277,-0.9477901387078721,2
-0.5627649329562622,-0.7047803823282871,2
0.9329600533687228,-0.1939310721741708,2
0.8756857436914645,0.9359292576951148,2
-0.4087187036065506,0.7646606833848413,2
-0.1424375781969952,-0.9476959581597516,2
-0.1333968552083201,-0.003470836847635828,1
0.5097850819619822,0.1115081834985323,1
0.09521105120053419,-0.2922608076669834,1
0.8874115089985295,0.561454971122904,2
0.9632689082132075,-0.3995601605626161,2
0.6518218439137644,-0.6326184728232861,2
-0.01153186904349723,-0.2692691759436784,1
-0.8573666489117394,0.7201062840291956,2
-0.9047029707434729,-0.2570517613754401,2
0.7048001193193714,0.9410416237105637,2
-0.3659233015025939,0.8201175956354432,2
-0.2835180302410204,0.6202880068515233,1
-0.800156196311837,0.2558981359756765,2
0.1342544533628156,0.9087138836006046,2
0.1121183752815706,-0.6842840455129736,1
-0.8823379566861144,0.08976092141777547,2
-0.472306701645021,0.1022499021395042,1
0.8336871981987359,-0.4991173874480327,2
-0.7048734840514556,0.6295389504948508,2
-0.954074404712154,-0.8700256568524539,2
-0.9406110339145314,-0.4200817950220129,2
-0.5363872166599856,0.9031885576807457,2
-0.6463070115137702,-0.250006900399561,1
0.7716268479530328,0.5946111843902313,2
-0.8535175279953268,-0.2150095351540436,2
-0.811363105252303,0.5967494988034008,2
-0.2753829903321959,-0.4819497951837456,1
-0.3550425428825615,0.3481299113719842,1
0.3843766821015602,0.4883663614923492,1
-0.6381634169211151,0.6584775474133633,2
-0.6232540045674254,-0.955815133717321,2
0.9381413769563127,0.7188827492008856,2
-0.9863688729296963,-0.03125797161218868,2
0.3492736054658536,0.1147931535929252,1
0.2949919557660752,-0.3632240148651035,1
0.05793312495595826,0.8951109547566478,2
0.7875723521373401,0.912995506249987,2
0.3745238560599702,-0.289685127480681,1
-0.1373575610713554,-0.1515407128871274,1
0.5131217716376224,0.9495080007514844,2
0.8644599811764453,-0.7317730940418244,2
-0.9067472764697811,-0.3774107398061518,2
-0.7799226045486244,-0.6802639261882936,2
-0.830357861349767,0.8003479363884745,2
0.5451540473378815,0.7631521297691619,2
0.7215183818154034,-0.6122560970491994,2
-0.9620382288924151,-0.8825742014154997,2
-0.3586156229394811,0.5245421847505805,1
0.6541235425203684,0.8142205522916146,2
0.9669057421399798,0.1596981487557918,2
0.2919429309647241,0.5147304684413709,1
0.01963308531694774,0.03953097625993252,1
0.4963762404111236,0.9918553618358865,2
0.2322277121673508,-0.0392297227639945,1
0.2884383891356594,-0.2356429810569106,1
0.9667867587593955,-0.3215727598844479,2
-0.2545411303446959,-0.5127677847454825,1
-0.7862686275516529,0.5451671421021402,2
-0.8962837783800942,-0.3588121721007197,2
0.1815278946500789,0.1446781020503496,1
-0.8926943544705283,0.5422558565119862,2
0.3688459329542784,0.06935898394731765,1
0.01155391697395913,-0.4228279273107459,1
-0.3583441719651302,0.0716620662732157,1
-0.76556030867993,-0.4071473440965175,2
0.9402464314327215,0.2398925951766417,2
0.343543523532388,-0.9885404208111562,2
0.7064504726692227,0.7936282755378188,2
0.2931800612875033,0.237442150876696,1
-0.9982368264543736,0.9571304095873787,2
0.4292969642197964,0.05333995688757898,1
0.8762792120049741,-0.4428128752235344,2
-0.07051287922805816,0.2728204249942439,1
0.4217901285760659,-0.1855302191995251,1
-0.9397074980990158,0.1717754226333026,2
0.1008729705397307,0.9987768549260856,2
0.7600791254629924,-0.7725944100295973,2
-0.1898079375461056,0.4250896307394905,1
-0.3899373344535927,-0.3238325489615953,1
0.2107830411179918,0.8499840146782469,2
0.2604459829666552,0.8184465291734415,2
0.9651556856485706,-0.5716572714198199,2
0.09751773398876784,0.8816954609534067,2
-0.4993172396254043,0.1919287199498614,1
0.5794018834817414,0.8293564649472225,2
0.515612594160491,0.6992622725924658,2
0.6425027407371575,0.6377204996643191,2
-0.2615708580558381,-0.6371952032257125,1
0.9445383884099434,-0.6960428424258215,2
-0.07607023828360038,-0.3083523335452999,1
-0.3723764406981919,-0.1308222594412701,1
0.6110785266031427,0.5768461198878885,2
-0.7000641802728972,0.6866766643683377,2
-0.1317770888263171,-0.5544930832159179,1
0.1298711847677771,0.2223515485876202,1
0.1568947623103065,-0.8419849566221272,2
0.4503054220565752,0.5228221978252943,1
0.9699794039657685,0.8976271555025499,2
-0.6108447243140361,0.1132658664312491,1
-0.756184587799236,-0.6348956874036308,2
-0.5559330717793164,-0.07405322356336563,1
-0.2219803945798527,-0.8685086270367742,2
0.8314051641107056,0.7935518301923874,2
-0.9657682076067636,-0.7402847882868072,2
0.3221064010286234,-0.9259978426302528,2
0.9077517142956151,0.1543902532482639,2
0.8812366845839645,-0.2292172955222117,2
0.8474007048389294,-0.1439122821781825,2
0.4017326181651155,0.4243218721863025,1
-0.8911806617097165,0.1000799447969818,2
0.7559824672752906,-0.6165330109216728,2
0.860688492477115,0.619023672538429,2
0.922249738179403,-0.3800501783404212,2
0.4950777660553694,-0.9038553599547402,2
-0.6268817725393586,0.8924328321319952,2
-0.04953179653652728,0.8938978152161496,2
-0.1287601891242286,-0.6025473272269276,1
-0.8074929795731386,0.436935687713272,2
-0.2843213673149664,0.05394946973124881,1
-0.2423912307277031,0.0780784502209757,1
0.3760203430490208,-0.280751306528756,1
0.9763600771290943,0.1844195964714976,2
0.9457757763094099,0.8381384331483295,2
-0.1738981181968041,0.3219040812459524,1
0.8606922119840907,0.3720797830296505,2
0.4618102881773425,-0.5177951634665779,1
0.271646806685824,-0.8502035326912231,2
0.1743901873287068,-0.5504916888675911,1
-0.1085855014497569,-0.06233005421345472,1
0.5842932276183586,-0.1227309637694932,1
0.623306024810482,-0.7751662823670488,2
0.1859465944465948,0.2076360726193636,1
0.9214265890409485,0.5000084145584556,2
-0.04651950224854662,0.349774374615754,1
0.3746895140399713,-0.3056483591423392,1
0.5019317858863686,-0.7116513953451468,2
-0.4168879565759288,0.2860065947305257,1
0.5293960939768207,-0.9406370833641021,2
-0.7691697698654737,-0.4846975388971194,2
-0.8406664163352188,0.01023976901069168,2
0.4521160380667779,0.4137995005457968,1
-0.6329390759303258,0.6434352146141074,2
-0.7478940523301195,0.3994127150578672,2
0.1010991655446198,-0.08990863468520416,1
0.9811983447800807,0.6021962840008366,2
0.3705554732264997,0.583763624958004,1
0.08099418930117852,0.2033750927907574,1
0.5018790875211818,-0.9255460754308117,2
0.5436192808028173,0.3826187149480476,1
-0.2738112530580122,-0.2318886477363452,1
0.471422137886593,-0.3253995895592853,1
0.7057531545551368,0.8630815170162116,2
0.6355088451664628,-0.9419252867227738,2
-0.8095027551909825,0.9145346564935917,2
-0.2392848167452938,0.4725872206430055,1
0.8199293822163356,0.9657232654872427,2
-0.3506393992118607,-0.01435671640667124,1
-0.7087630124245613,-0.5252979459540218,2
0.162234780449567,-0.647603392654612,1
0.9927480676835188,0.3737739835491782,2
-0.03912053105621294,0.6892003290364972,1
0.4484220989947507,-0.8652328391512406,2
-0.2121440164578144,-0.3589884702497558,1
-0.7785769758826365,-0.770173262510596,2
-0.891254284001929,-0.8419053793392007,2
0.1797347557735667,-0.4543780582925178,1
-0.7055764602631592,0.5805153138534964,2
0.441555955367368,0.9750456584133513,2
0.9377310422378862,0.1234256829043323,2
-0.8986298629455355,-0.4610274624921925,2
0.9841701082600633,-0.48532388775891,2
0.4798379322122266,-0.7677342093047076,2
0.1072373828422823,-0.6510444300840291,1
-0.2361099994399253,0.08752729513844959,1
0.9207318083245066,0.9823061176034247,2
0.8015485242787508,0.2562950743378443,2
0.7042343633270449,-0.5644667532895354,2
0.2369513130404848,0.838327834290471,2
-0.4484888601245584,0.1912628670798429,1
-0.001620043340414878,0.3232610951824024,1
-0.6011896862800753,0.9438455218977566,2
-0.5695221217826206,0.7846605903372519,2
0.9109090356307363,-0.2718184332046233,2
-0.5048166619801816,-0.9820679806503682,2
-0.2742981834765673,0.8260226080852222,2
-0.6407315935490333,0.175881382185467,1
-0.8933767624943093,0.2160382467881412,2
0.8006148282610788,0.7990449102934336,2
0.1970348295809798,0.008463411793018683,1
-0.4646698128744989,-0.3904749797338462,1
0.5273087088896482,-0.3163975322041365,1
-0.4820849133198212,0.2951404055649851,1
0.9258841828664024,0.1298060559870329,2
-0.9102499951497939,0.7888597763586254,2
-0.2282767993857936,-0.02734518394309993,1
0.150161877778999,-0.04207982249596121,1
0.4300309826679658,0.07691530217576736,1
0.7666765415181889,-0.8898094968263514,2
0.0214593892777506,0.1957041945366853,1
-0.4710443591942549,-0.279650935502595,1
0.1452599354971,-0.668151278960483,1
-0.9026270173077523,-0.2131514781057561,2
-0.233300812144038,-0.3454189972508689,1
0.2288575011587344,-0.4180926176492094,1
0.3878549632486588,0.1576891860548688,1
0.6237142153974866,0.8125435658731119,2
-0.2663185264073274,-0.08668870294025288,1
0.6148397376837764,-0.6625712724356828,2
-0.3634564867185462,-0.01136996302619131,1
-0.04508231506504179,-0.5496635160737636,1
-0.4421903214824875,0.08025894164298508,1
-0.4009890148881933,-0.4777652126599933,1
-0.04678018499427894,-0.3296610337590123,1
0.3208770686683673,0.08658630021150415,1
0.9131745855620406,-0.2290503007701056,2
0.3469432119781699,-0.06728137714849758,1
-0.8703488064975541,-0.3940747406626602,2
0.1429140277943988,-0.6513619499369102,1
0.3187019888900349,-0.2879381816027152,1
-0.02248140761438167,-0.3433117089145062,1
-0.8422122223922824,0.7472112834414812,2
-0.743717796161688,-0.6718749242432905,2
-0.6149282824947592,0.6997744033839979,2
0.90930828585651,0.7433196291610076,2
0.7586346051479096,0.6035565885852985,2
-0.7177982888255542,-0.986475467984487,2
-0.1352412434162685,0.5661972404580493,1
0.4753423679438165,0.1250484104549014,1
-0.2631691575319609,0.5553511097959238,1
0.08838139828398628,0.2610797299833019,1
0.4608539553703093,-0.9799137453805561,2
-0.3226731419376577,0.3558298421567851,1
0.1643012771225159,0.5678718330975954,1
0.02806539115437157,-0.6380706178811867,1
-0.6183747295519449,-0.7051371088293971,2
-0.3315678221022805,0.6061746570528526,1
-0.6064383346359566,-0.03136501614403875,1
-0.03478371705135219,0.2275687605435546,1
-0.6114369972159072,-0.9960699734466364,2
-0.7437568715410005,0.939669953111123,2
0.9640652168390846,-0.06547060281894834,2
-0.01742835723369696,-0.1030025872897639,1
-0.8575071907475799,-0.4841779471880646,2
-0.8271258083358938,-0.9274929796071175,2
-0.2110147315248133,-0.1343953856190107,1
-0.37484389314213,-0.07088436437363221,1
0.9173161313472082,-0.8354801543508116,2
0.6829867629487762,-0.05406514420829722,1
0.8464834530257743,0.4253124307922262,2
-0.283160234157449,0.9997076459680514,2
-0.1476558331489469,-0.478423703710723,1
0.8283269365800228,0.9123308284887839,2
0.9038591836010783,0.1735791295308942,2
-0.3318308116592051,0.1387764911117797,1
0.01094299263659804,-0.4400046673994881,1
-0.3455247305301642,-0.9212937936544529,2
-0.4088469703009757,0.8455728040819943,2
0.8603967817205873,-0.1541418534574782,2
-0.7761051829183961,-0.4317459632578203,2
0.472925358249866,-0.1090231120093598,1
-0.1503452755643343,0.3813292703144662,1
0.9752525350417105,0.532100184742984,2
0.2882882619134528,0.2328049829740548,1
0.6630061741897024,-0.0239513153700982,1
-0.6153518163991892,-0.8032867542916834,2
-0.3983642334611809,-0.3645382097239022,1
0.3837159396370151,-0.759993579055496,2
-0.2203960719086834,0.06839584884693539,1
0.8760042176393048,0.8710521423090059,2
-0.5872412163293509,0.3543049330647945,1
-0.03140446731003366,-0.192596243976917,1
-0.4602598624197275,0.2435877987017208,1
0.4358968727517858,0.7681045477192565,2
0.04246210366624448,0.9660657646183277,2
-0.7780339077865562,-0.4725809001379681,2
-0.8922166148768759,0.7778942559109081,2
-0.101271592783147,-0.2715863410775049,1
-0.5048448991016899,0.7846000265388129,2
-0.3389976563614604,-0.3153419050934353,1
0.1704780261843382,0.5078351516119803,1
0.6394021106701537,0.9292946052607893,2
0.03531074831354553,0.1627728387414709,1
-0.3753037494672365,-0.9303713563320409,2
0.1886657400114387,0.2292128495713948,1
-0.005058017326064923,-0.8776336028394319,2
0.4231946700549123,0.8864835136924254,2
-0.3260982481444715,0.3036296221544719,1
-0.4473340453404088,-0.8385244060546128,2
0.6117920895129789,0.1336228125927728,1
-0.7488890297784815,-0.404130377238919,2
-0.1948465590727627,-0.6428834105273379,1
-0.6694509816557844,-0.5666416711874921,2
0.719896922578781,-0.4540645442566688,2
-0.6063604414169735,-0.7847253062564864,2
0.7755602258552166,0.6494798748185575,2
0.9900479729858405,-0.008184471200614607,2
0.110863255456354,0.4025023258946994,1
-0.6898442116920532,-0.9751229177584476,2
-0.1305968681950443,0.2680838758254536,1
-0.9676675484608165,0.2298916755818026,2
0.8105775868902148,0.8009403331218325,2
-0.1838359569950206,-0.3266597187697385,1
0.9345488919899376,0.593653395294236,2
0.8254026184187271,-0.9269342874247816,2
0.9747734760566948,0.7643718415629015,2
-0.9592752353911885,-0.3326971374204789,2
0.1504091531470941,0.4160037222821662,1
-0.8632589675484564,-0.3455540896317645,2
-0.3575626212940545,0.04020904758680333,1
0.3383573233811934,-0.1373748160747362,1
-0.1285952854287201,0.9932364218862884,2
0.55727186223043,-0.06704857210689796,1
0.03453639957110832,0.2088761211979517,1
-0.5527175318754217,-0.05103153915464176,1
0.2022144087112991,-0.0171758509327341,1
-0.321697441376206,-0.8244596941530634,2
0.9029036917913651,-0.9214744794448205,2
0.5998239184820338,0.7234507864132222,2
0.3700236125420642,-0.4418236022642584,1
0.5495926698257079,-0.3599416587836156,1
0.9499256946276919,-0.1687150121890996,2
0.3680409586586115,0.1758110326271731,1
-0.2139241667548754,-0.06820586416892327,1
-0.2709171456188965,0.498887518017018,1
-0.9644768888558085,-0.4027040883894349,2
-0.9351963377462215,0.5441679649571418,2
-0.9545760275629248,0.3480135130162336,2
-0.4515232441157034,-0.4671626268767449,1
0.1097213463380207,-0.03604492737332776,1
0.6041297874313634,0.6388649374992907,2
-0.8678200467595393,-0.5878981545032563,2
-0.6079947480190661,-0.9455402028394496,2
-0.1864695423418826,0.1721764088395874,1
0.9572433544499017,-0.5686954316322715,2
0.1111528725979569,-0.2567273567313252,1
-0.9557620507599945,0.9373751741325229,2
-0.2946391996746008,-0.327736519838992,1
0.5972223638375318,-0.7946723229988247,2
-0.1711233018047388,-0.1100256672525509,1
0.2759392448724245,0.106845614929223,1
0.1345627071402571,-0.8905539897535651,2
0.8294227705899648,-0.6988144865031899,2
-0.6830657415169464,0.5576508001786431,2
-0.5205452910519573,-0.9479209601085176,2
-0.384988015282519,-0.9996297057602633,2
0.8761903345897673,0.8233182750745023,2
0.2092574698390512,-0.2787493644171301,1
