-0.8595352872526332,-0.4142460638989151,1
-0.8784313787917484,-0.863950918987604,1
-0.3022294163272998,-0.2286038215064243,1
-0.2729325962339936,-0.3597515459854775,1
-0.9061274839179758,-0.1375752326123909,1
-0.9300286823573187,-0.1174292460356783,1
-0.2385465125245522,-0.1579643407168355,1
-0.147104576813058,-0.6433936033103189,1
-0.9898614654514263,-0.8879982903085397,1
-0.3859006841302255,-0.6615472816739953,1
-0.8491811351391982,-0.1507775086249926,1
-0.9047011937472949,-0.6133748989064025,1
-0.8961377006714151,-0.3056550136810069,1
-0.7215007268769651,-0.8170432089150681,1
-0.7453067724719671,-0.220716289853351,1
-0.3197941915849962,-0.4042777878799088,1
-0.9427851188122272,-0.8982733507254161,1
-0.8969993189268506,-1.043943105138006,1
-0.6340779183841829,-0.530650450418905,1
-0.1076914517346517,-0.786691489401087,1
-1.025948694236438,-0.4019482619117301,1
-0.1703402091711371,-0.2423282948182708,1
-0.9640908499015648,-0.3424007513941141,1
-1.091247989357853,-0.9827313820108077,1
-0.344429804800469,-0.7313697838556028,1
-1.063442430702296,-0.1581540992634769,1
-0.2067717870781532,-1.082150209265603,1
-0.502013275112686,-0.2369568041370114,1
-1.051034992070231,-0.6396813553262544,1
-0.1759730387926001,-0.8862755644642062,1
-0.41468748137935,-1.058710861776297,1
-0.599364898329241,-0.8960076146965941,1
-0.4770398729351711,-0.9207884717360315,1
-1.006160645140842,-0.4676359494033375,1
-0.7292268285367598,-0.7038363936294207,1
-0.5711615545183392,-0.2418004718837834,1
-0.1334416309563785,-0.9404127096918589,1
-0.4626517518289699,-0.890269973338871,1
-0.727177724729472,-0.7054216915664404,1
-0.9761016073586407,-0.2004816764167043,1
-0.3625072639281604,-0.7569209514528101,1
-0.4925985949388729,-0.1911931852667832,1
-0.5611087341843407,-0.7164892623689856,1
-0.3553966130145162,-0.6879823827158242,1
-0.3287632286607109,-0.1518132998680144,1
-0.3227269423478442,-1.010175388419821,1
-0.4583279248786877,-0.6972941377862965,1
-1.004222649282925,-0.3283063993108449,1
-1.024257553645114,-0.6620300612189223,1
-0.5195495072672959,-0.8565298111548809,1
-0.3730065207477711,-0.8067643638047401,1
-0.2049641821957502,-0.2877158616523039,1
-0.9895599294521458,-0.5744459118608398,1
-0.1078746566819503,-0.5486006760929303,1
-0.4089306628362932,-1.054894441734558,1
-0.2890089197127486,-0.6528842177658134,1
-0.1549640287307116,-0.9923978355561827,1
-0.4638765379626894,-0.8850827797500882,1
-0.9903231993587814,-0.3437233152396239,1
-0.1394545656799996,-0.1909482597146951,1
-0.4995235447827353,-0.7775731237569372,1
-0.5930682653562388,-0.6543818295953203,1
-0.1096854446765213,-0.6824263729947107,1
-0.4667064154167011,-1.095228469620859,1
-0.6724386304178782,-0.1695428979426724,1
-0.5955628688792336,-0.7757524296452578,1
-0.9524094100209473,-1.063429110992714,1
-0.1082852919385389,-0.5646940185478329,1
-0.4734985861620076,-0.1612839160742242,1
-1.081538362918724,-0.4394902659752516,1
-0.5185643779313623,-0.2964457644011788,1
-0.7433784319903483,-0.775285150201068,1
-0.8697645282958995,-0.9309058220843807,1
-1.075802137492616,-0.3113980529416446,1
-0.8679209275760649,-0.4793326711497824,1
-0.702779302357587,-0.6487292799017521,1
-0.8798617752337365,-0.7036168948430754,1
-0.6552421984251666,-0.809016893118091,1
-0.67372596521033,-0.7002650632891236,1
-0.9559777479723786,-0.9344079610105691,1
-0.7241892885548344,-0.6381074691368476,1
-0.7074990642468586,-0.4154023716688694,1
-0.2039523283924528,-1.071981534168284,1
-0.5317225571693827,-0.9817554524392371,1
-1.023639491004124,-1.061249134665931,1
-0.5936983300912487,-1.016815846950002,1
-0.5304388299428709,-0.3167126860305221,1
-0.1186616315455903,-0.486995013187479,1
-0.2981029904438525,-0.4981127092544285,1
-0.1683267214964657,-0.4072446654663706,1
-0.1570482928738951,-0.9605030458974539,1
-0.8468846116144855,-0.9233039247727775,1
-0.2734787548073292,-0.9210322946034069,1
-1.000507918666617,-0.8445201442059542,1
-0.3405652389818489,-1.086609865325473,1
-0.1822448535796853,-0.4998265392607573,1
-1.060601328020704,-1.01580448373017,1
-0.6074865039069506,-0.5128947682202351,1
-0.1147156627294221,-0.4297522581100751,1
-0.4380187893489903,-0.5842293474231895,1
-0.8141354763176623,-0.9174476625083208,1
-0.7910586987764241,-0.9799736454998096,1
-0.9673046952431898,-1.093219143338331,1
-0.3149990527762796,-0.1948131380109539,1
-0.8192336048103877,-0.5376447934213782,1
-0.5774470188045104,-0.8422430536904799,1
-0.5984049500376243,-0.2909204737157741,1
-0.9607853440396807,-0.3095562730625032,1
-0.6602516696723877,-0.994653104487275,1
-0.1205375119930409,-0.8015949484452061,1
-0.4432683448176965,-0.53493027015349,1
-1.039362603666016,-0.4999078580448278,1
-0.3617869049928147,-0.4695054503637932,1
-0.8517923154374167,-0.5612003156601628,1
-0.7175435783329298,-0.7273824793617281,1
-0.7333193333417996,-1.034609421966024,1
-0.9262273329943906,-0.991267384110388,1
-0.4637145869583409,-0.5206385120212186,1
-0.2943635084393024,-0.5848959136973916,1
-0.7599822582773821,-0.259778164375783,1
-0.6388330480747568,-0.9524579334069405,1
-0.9289133388547393,-0.3149521253649233,1
-0.9988254284834595,-0.9923185685346668,1
-0.8802520739869995,-0.2866635869655013,1
-1.090894415937895,-1.07182627817233,1
-0.5908886124672237,-0.4664245269387388,1
-0.4095451435670446,-0.3434176508997423,1
-0.4324750759015703,-0.428368657297329,1
-0.3579002248293784,-0.3059181446953473,1
-0.3930531450977799,-1.000258642359468,1
-0.8515602857847899,-0.476697092795734,1
-0.9402754364073154,-0.5558321509968805,1
-0.3092195836019401,-0.2587235258207314,1
-0.9357552611800848,-0.6487072655001707,1
-0.9805678157795881,-0.5562424549725791,1
-1.047841062521003,-0.3827906285926326,1
-0.164907037043973,-1.070509857349901,1
-0.4039679909889369,-0.103144559209995,1
-0.1017195164549017,-0.2109148287116418,1
-0.9837621676171681,-0.262943306239189,1
-1.002459331800447,-0.5517228741510846,1
-0.107550435301714,-0.8634646840297973,1
-0.4202642146411514,-0.4154468477165674,1
-0.230511115122526,-0.9393018488432585,1
-0.818142366447145,-0.3607004416646238,1
-0.137124957001818,-0.7053759216790763,1
-1.058539903274901,-0.9776475432740667,1
-0.4123398261540085,-0.7420163008773293,1
-0.488589838914586,-0.3567409360224006,1
-0.8061373445424826,-0.4880106102700894,1
-0.3395937561666809,-0.273779586894822,1
-0.8693002265316574,-0.6445302751592668,1
-0.7816139689827237,-0.627373310980377,1
-0.6336920527912986,-0.9793541155007878,1
-0.5680178659604139,-0.1105810219221737,1
-0.7087444860051373,-0.903613144532126,1
-0.4588829344392977,-0.4924927115368971,1
-0.480135816114211,-1.037709254294032,1
-0.3630832876252761,-0.6802422197370273,1
-0.821146517865631,-0.1375304715017615,1
-0.7719712417912901,-0.8137088524751137,1
-0.3850094405948709,-0.2596098683170304,1
-0.694844208617925,-1.059009849316231,1
-0.7431175864732913,-0.9543356651769286,1
-1.06809167712303,-0.1400017062701717,1
-0.2856064494936726,-0.8113212001161385,1
-0.8663012393336946,-0.8155574115367148,1
-0.8063414242132896,-1.000910642273582,1
-1.005670653152381,-0.2876405585649202,1
-0.3066024556582176,-1.084447659479433,1
-1.060765044919463,-0.5488200074545273,1
-0.5652941639727668,-0.5197094083733835,1
-0.4132038093639978,-0.4118480471035846,1
-0.8946244266994681,-0.8358910854460682,1
-0.2294694060177517,-1.082385447760506,1
-0.8768699564481144,-0.6197976285148774,1
-0.9163910222081775,-0.4338800974963655,1
-0.1900991115741788,-0.9407492594892508,1
-1.002436794174987,-0.7366384868643217,1
-0.4310335104378921,-0.765422977491544,1
-0.1666478321233557,-0.797559728535119,1
-0.4501049955057547,-0.5762979315517752,1
-0.6699622802717085,-0.7446486173067637,1
-0.9095687173405138,-0.7486707354094297,1
-0.3556174548323254,-0.2476851446039021,1
-0.9629397009097491,-0.1385365646210009,1
-0.7794999448729394,-0.2269454154148797,1
-0.8168242326401638,-0.5116353766935623,1
-0.6899258426577259,-0.3173427090479618,1
-0.7464423402892126,-0.5081373434268215,1
-0.9518661979567438,-0.7435768371962717,1
-0.1098301922610349,-0.2461626286662983,1
-0.3317044754601579,-0.768414601193917,1
-0.7220955623654999,-0.5917988125097801,1
-0.122282786916887,-1.077634794112294,1
-1.08985353464126,-0.5301390096281657,1
-0.4889383843282162,-0.2962757856519139,1
-0.9604935467645184,-0.4862814472570378,1
-0.5261394312001944,-0.8425708353255823,1
-0.4333373885572547,-0.8828541814855297,1
-0.5973336011077427,-0.4611666157980785,1
-0.2689182443297151,-0.1035428975194469,1
-0.5180791066977716,-0.4168955883033238,1
-0.4923988361965262,-0.4718800264692558,1
-0.879424871090146,-0.6210480563763963,1
-0.4285118204065035,-0.4505015863577527,1
-0.4730082721407243,-0.6451745729866278,1
-0.6287967000120684,-0.7578216662509922,1
-0.4381511804790784,-0.5115378033838323,1
-0.7283023449390331,-0.7069167995590209,1
-0.4926903615067906,-0.5637019675226504,1
-0.4675272205814105,-0.4079090003699765,1
-0.5973352030798926,-0.4535049459432994,1
-0.2015181237128146,-0.3063105336027806,1
-0.2806316931487843,-0.4778537641734513,1
-0.8014596104835394,-0.710624076640739,1
-0.1289495040828852,-0.955507378880164,1
-0.842641107653757,-0.5291025238403273,1
-1.046213648876956,-1.031346616659802,1
-0.6105932929216216,-0.4330980559245016,1
-0.8702971960334542,-0.1366216754963673,1
-0.4220509770137969,-0.244023009037505,1
-0.8084144705921996,-0.1876058912328199,1
-0.2424754475824461,-0.6857873652966306,1
-0.1514259074975108,-0.6681164065859166,1
-1.009257252395719,-0.4609673082287528,1
-0.509875729383258,-0.3257271163946154,1
-1.000531167214488,-0.2501634606863955,1
-0.9953660047548548,-0.7886466532417646,1
-0.4631882377895369,-0.3067459156521529,1
-0.939051792076846,-0.5538819157704872,1
-0.3651010813086943,-0.4752962549657784,1
-0.6204040742386945,-0.1679913697172948,1
-0.8386077709924282,-0.3689462818543835,1
-0.4359981533016261,-0.7106615954234605,1
-1.08378984476594,-0.5302975348302742,1
-0.9449500282041121,-0.7530323696585388,1
-0.7126327007270585,-0.1986073011652947,1
-0.8312992985657326,-0.1766798659147721,1
-0.8336187842309246,-1.002222351569536,1
-0.8340779787530834,-1.062912581438675,1
-1.039298893923471,-0.9521903224134722,1
-1.074241903744301,-1.095507859448814,1
-0.502817992747072,-0.8005590186082505,1
-0.4781594106576819,-0.6725565574587407,1
-0.2124482085025047,-0.4353372142220602,1
-0.2359408200100849,-0.5608323146913745,1
-0.310754709247801,-0.3166351988007395,1
-0.679516648151373,-0.1729563401872426,1
-0.1524831472478644,-1.045908827515743,1
-0.3545539989888512,-1.019588814140225,1
-1.065540765668823,-0.9917594542829841,1
-0.7747167747370758,-0.2698258656817759,1
-0.957805724981466,-0.3835408323280328,1
-0.9655911826193271,-0.7413234681818792,1
-0.4517136529160232,-0.2744591870787667,1
-0.1635403883300511,-0.3075762872068225,1
-0.1088527683633267,-0.138727111076923,1
-0.2036062019328949,-0.6886078955150368,1
-0.1509706326902808,-0.8660442333196183,1
-0.8947089449659755,-1.041719018421948,1
-0.350073883828944,-0.8931404781423882,1
-0.2253107716408548,-0.9227069001054373,1
-0.5821245783338468,-0.4843021219978955,1
-0.3066302353080529,-0.4702821305012995,1
-0.5843271237682147,-0.7196790822615506,1
-0.7324546278237594,-0.9327046456402368,1
-0.5111340280424659,-0.6675556453207057,1
-0.3205828727264282,-0.8262726587256699,1
-0.7354909091322526,-0.2298475789977751,1
-0.6553776860775566,-0.8613208675365405,1
-0.4344616110488061,-0.5374848919302749,1
-0.3101390882280538,-0.8898709553451343,1
-0.2586373941332564,-0.3538048325954003,1
-1.054196181493072,-0.5417346758175297,1
-0.7399911170850939,-1.002799020115879,1
-0.6255882274281044,-0.1891030623705179,1
-1.042336113406497,-0.6616649821733944,1
-0.1297189828688524,-1.092828581037362,1
-1.025892429175498,-0.6215162574736934,1
-0.5623941942692521,-0.798342414459398,1
-1.07856919703132,-0.6297730220028162,1
-0.3532498123537702,-0.8284757627641923,1
-0.4209875373168211,-0.809980406743811,1
-0.4717132120409722,-0.8009990624663166,1
-0.6040794771014293,-0.1795310821521299,1
-0.7440147069643916,-0.9944721650248967,1
-0.1438732842397586,-1.023330664021152,1
-0.9025182770190137,-0.9413698074674461,1
-0.8730944030200052,-0.6607198043137597,1
-0.817186875534031,-0.8541159365082462,1
-1.011794860014887,-0.2397045986935479,1
-0.8261708830002992,-0.9933130341602964,1
-0.9601200392401825,-0.9575119792764484,1
-0.5950418658110658,-0.1988634700236075,1
-0.9640203880913307,-1.090703744895439,1
-0.4195676963163303,-0.5639576993923826,1
-0.5301035346666364,-0.6153177862927506,1
-0.2521607944218742,-0.2630337894389414,1
-0.7650400141546738,-0.6588947569141006,1
-0.6068286705091894,-0.9430954641437135,1
-0.3808506337211646,-1.028035019295035,1
-0.4916913185220554,-1.082524416140419,1
-0.2437725990326738,-0.830140446810145,1
-0.5385779457550406,-0.9012406918345566,1
-0.156760006876844,-0.9386658060119277,1
-0.1980476966162704,-0.655727105582893,1
-0.5794891508354151,-0.7003903313560009,1
-1.064176171314656,-0.2048959622771109,1
-0.9726267675211513,-0.6922841615004625,1
-0.1208573829994414,-0.5325166221305793,1
-0.2542350302725864,-0.9387089085274229,1
-0.2936367234239758,-0.5888609003390275,1
-0.9920563559196458,-0.1173756598322059,1
-0.9104739623130691,-0.5287473102981318,1
-0.4273906663651352,-0.191354052404866,1
-0.6284676949805252,-0.2345941245331379,1
-0.4141071373915678,-0.494327605094122,1
-0.4722682836144244,-0.9952488236192353,1
-0.4459058258047577,-0.9068568423520922,1
-0.8715114016273067,-0.3837865051630449,1
-0.3644943114790112,-0.2414435380974627,1
-0.7928632934996231,-0.6258468302145286,1
-0.9709346097443297,-0.5267646729758348,1
-0.875046008231257,-0.968788097500159,1
-0.2006668563858361,-0.9996923712533364,1
-0.8503211523997118,-0.4708850059317498,1
-0.8974617459594065,-0.1728170147482924,1
-0.1068407262711073,-0.8737839231222806,1
-0.4000383838761171,-1.055365515008767,1
-0.3026935219075867,-0.6257134508649604,1
-0.2369606543324041,-0.1443939097976064,1
-0.6391980942981863,-0.7631849736491236,1
-0.3936352988923637,-0.6772872192396913,1
-0.5863781740401478,-0.4762064681885285,1
-0.3438963984069447,-0.1893033650615374,1
-0.6493360485050381,-0.7393238061609033,1
-0.7762292219199378,-0.6543125505423726,1
-0.1832326793164613,-0.6399296837816681,1
-0.3482593541619154,-0.5636110350467973,1
-0.4360979522031501,-0.5529429759709723,1
-0.7249747992997861,-0.1304565306476149,1
-0.2487885990535933,-1.02322070839324,1
-0.8918652779114256,-0.5982086597013286,1
-1.047766468147029,-0.679434231406703,1
-0.4105091218959244,-0.976859839676977,1
-0.2876351024564241,-0.3158541157825691,1
-0.3235164049778482,-0.4305679776046826,1
-0.1694607976076595,-0.474004023597697,1
-0.5317121800767332,-0.3290245875213411,1
-0.2424585636278762,-0.5426111742952953,1
-0.680247231297354,-0.2555749233006344,1
-0.2419665520977532,-0.546285311979966,1
-0.5384713609610559,-0.4925929418799425,1
-0.780185671683006,-0.4849537093805345,1
-0.5757022932191183,-0.8966528174506294,1
-0.5648666268975894,-1.011232048210086,1
-0.799711696523582,-0.2426566091778066,1
-0.2104608359652751,-0.5578758580168183,1
-0.2639589395094527,-0.3667852328752709,1
-0.8184472951527271,-0.5645267497480101,1
-0.7361067701245678,-0.8295378278909482,1
-0.6157954709326485,-0.3989588571152001,1
-0.6361799369961647,-0.1640406464425539,1
-1.000223262759969,-0.2250975984898136,1
-0.8840649017895497,-0.7588177085110139,1
-0.2229521583314764,-0.2641041786242543,1
-0.4697996642727504,-0.7842903869277269,1
-1.01002426140091,-0.4702883183728365,1
-0.190003127288675,-1.077133910591131,1
-0.9739642045608978,-0.7412823525713059,1
-1.009170267052455,-0.8931596153479315,1
-0.9882348512754592,-0.1087373955894119,1
-0.1866914810894297,-1.057520513947853,1
-0.4163792502482931,-0.374723036843862,1
-0.8600438578759935,-0.3380379212655578,1
-0.5933860579690181,-0.5680248981341263,1
-0.6498377930937693,-0.2832572987463123,1
-0.6604722253534117,-0.7083857886281486,1
-0.5200330357390504,-0.1355350456377612,1
-0.6982123218280405,-0.689956696975387,1
-0.2022505513753331,-0.2487360471476695,1
-0.416264455127445,-0.1584095832348899,1
-0.6442476633505125,-1.027048757838929,1
-0.4969828125773221,-0.181094027165979,1
-1.034475412927965,-0.2868672532298483,1
-1.030869270349753,-0.1540754313697836,1
-0.6770244173582696,-0.9471423291427385,1
-0.9090928270231564,-0.6752247487963758,1
-0.8234958710304345,-0.4019932969123043,1
-0.46786328018196,-0.7028556803807033,1
-0.3824502096361398,-0.6039638237078735,1
-0.80781211616562,-0.5267412847083891,1
-0.1230545718140118,-1.083792182199348,1
-0.7147053817781268,-0.7446965351890187,1
-0.3193933807823117,-0.6157626501487516,1
-0.9827839847804543,-0.4052531997429002,1
-0.8619222258017365,-0.5878765377089444,1
-0.1646919008623374,-0.6232982252509653,1
-1.057661262857451,-0.8425991502128676,1
-0.3666818738121578,-0.8534772475145249,1
-0.6141593814484525,-0.3051374908155359,1
-0.5565890378108794,-0.1491099761481925,1
-1.042359425055055,-1.047680806973932,1
-0.5848920081442883,-0.5900229795610815,1
-0.3840484671022623,-0.6816073842519625,1
-1.053128710983047,-0.2294625945097405,1
-0.2894501398133793,-0.8745802167403882,1
-0.1638877642565097,-0.8377456075744794,1
-1.014076499713104,-1.088874811504156,1
-0.5206068019691368,-0.6550449498109661,1
-0.7993425765335578,-0.4848598524429484,1
-0.2906320044059637,-0.1163597504577127,1
-0.4262584664319331,-0.4118439411915382,1
-0.5963768432484198,-0.6311726720328208,1
-0.3134536416061017,-0.7678813768975759,1
-0.2365953099849504,-0.181607864657968,1
-0.5400841303756837,-1.055863306638459,1
-0.9073580808272879,-1.006004794786872,1
-0.6789115849153387,-0.7841160899766193,1
-0.5696805893299091,-0.2344182500692715,1
-0.2291484420082665,-0.2222417251233602,1
-0.9458940325296907,-0.3702366466974587,1
-0.7810331657465406,-0.5770287633303968,1
-0.2635251604475828,-0.180669192489044,1
-0.2084965268670417,-0.8838298621470948,1
-1.030792278025597,-0.7286003266581413,1
-0.1068451207598801,-0.8104877298059421,1
-0.6975425426443562,-0.7502189190041235,1
-1.057819091089689,-0.9134283694286076,1
-0.6427297912787291,-0.2785172040803192,1
-0.599872430118744,-0.5640409591832516,1
-0.8263781528376808,-0.7353258614092075,1
-0.9641257742901601,-1.035087063892782,1
-0.5987213119831858,-0.9201889545806399,1
-0.3636800666284683,-0.7663677782233518,1
-0.2185022696400246,-0.5770420084242417,1
-0.4529118242923315,-0.5393888081874707,1
-0.7494308142669399,-0.7841042410982335,1
-0.8925470153057227,-0.7248571576927529,1
-0.2410468831265986,-0.8266896900771941,1
-0.3304196825110963,-0.696734807613181,1
-1.022814608027483,-0.370602425756916,1
-0.6763607424866513,-0.3890496734316673,1
-0.2040873254178521,-0.845032703595255,1
-0.5303975756725706,-0.3258939535299914,1
-0.6065928873720561,-0.807997177321335,1
-0.7922071234412429,-0.1484765275428822,1
-0.4126195584126454,-0.7925865590265477,1
-0.8263303900207299,-0.294676356550136,1
-0.1732351361764884,-0.6516447967257468,1
-0.1112897979561911,-0.5306103182561892,1
-0.8143528584493949,-0.8971003462250116,1
-0.6596818964814382,-0.690636875878345,1
-0.7848486270103601,-1.068116633113873,1
-0.2449422548020085,-0.9964947352151337,1
-0.2561654905781942,-0.8302935536311604,1
-0.7578382510249926,-1.058322754897719,1
-0.1276616341044225,-0.420553010324587,1
-0.2139026675404282,-0.3047100145849698,1
-0.1570754956478003,-0.2153535887609844,1
-0.3080563851049701,-0.133022011733586,1
-0.616088713770097,-0.3686895367349277,1
-0.4447537248079786,-0.7544294085751928,1
-0.8233214696895215,-0.1205273925299962,1
-0.766514287976217,-0.2453203819548052,1
-0.3859022114684545,-0.3736344229466766,1
-0.7034224104139006,-0.5226189784918593,1
-0.6202873312729185,-0.710503715338642,1
-0.5306128146799438,-0.211622266338464,1
-0.1454052033554548,-0.7336360160497495,1
-0.1987278938672169,-1.086459598675462,1
-0.3755065793518236,-0.7317253901350607,1
-0.909041147441954,-0.5663270137643623,1
-0.868738537310219,-0.4773235343670098,1
-0.8289700242169367,-0.1485427289844184,1
-0.4568460836200943,-0.5037177681101817,1
-0.7515136952331092,-0.949310287849449,1
-1.049087476940197,-0.1641170168920387,1
-0.9404765523147867,-0.948498569758391,1
-1.057805824211334,-0.5785284564457139,1
-0.1153861568352007,-0.2170406792051762,1
-1.09603531323114,-0.6565557492857612,1
-0.1597397186075401,-0.9315889628781651,1
-0.8711794805113142,-0.7382306401442287,1
-0.1363489193874938,-0.2713324775316335,1
-0.8271971453324385,-0.1537643904298491,1
-0.5840019571827696,-0.6038376874468958,1
-0.1957321285189612,-0.3985045310018993,1
-0.2784781209557218,-0.464695193671821,1
-0.554428569110189,-0.1005420360953517,1
-1.060151351809662,-1.021299759582957,1
-1.035728328033424,-0.6828980949674044,1
-0.234944418059605,-0.9907271776387839,1
-0.7365879137868876,-0.2935790647971745,1
-0.1720752660199683,-0.6670175879141016,1
-0.9547864491612277,-0.1439731536180363,1
-0.8730515795241687,-0.8225989093641393,1
-0.3448192483954484,-0.6689969801096094,1
-0.5601412217854475,-0.5332841582214661,1
-0.5316951677442322,-0.3002807334964002,1
-0.4028791064321259,-1.077708232225551,1
-0.5604461877916612,-0.228417287100002,1
-0.7928378151736526,-0.2086795672065476,1
-0.7410952312365251,-0.7734825269285237,1
-0.7610214455848636,-1.075848357715687,1
-0.8919670147307657,-0.7079709035144806,1
-0.6706620773682348,-0.2099022481783072,1
-0.4577711546679692,-0.6938744485207611,1
-0.7596907652769085,-1.003772976447796,1
-0.8563595864363147,-0.3668281345533565,1
-0.368172470432212,-0.5762905875770701,1
-0.5034017619603481,-0.7435846790285832,1
-0.2380334865080463,-0.6128779704106648,1
-0.3250542764850631,-0.614021828099067,1
-0.208225508324973,-0.360893578746178,1
-0.719995461225595,-0.7617687537069551,1
-0.2452127504003503,-0.8794189369046848,1
-0.2681440317236991,-0.5167744416426358,1
-0.5746010246297344,-0.7648377600739567,1
-0.7643059167909307,-0.4014441975889975,1
-0.880492982145765,-0.6374524781060467,1
-0.669359793721676,-0.6778925529037472,1
-0.5892448962486994,-1.022847206265048,1
-0.4095010906895445,-0.1672806813026696,1
-0.4437761622161704,-0.234977445469793,1
-0.8758620352700965,-0.4676640515941123,1
-0.3664120895303197,-0.4280105476802143,1
-0.4517027707478579,-0.5450141518637298,1
-1.080731065384056,-0.3773312913143143,1
-0.746960885255346,-0.1496938732450274,1
-0.7846684836531685,-0.8941614074421287,1
-1.034858281016706,-0.2097306058711261,1
-0.9448369954066687,-0.6839422812432254,1
-0.4013431225976668,-0.1132414330127062,1
-0.4384486339628494,-0.1313431364986258,1
-0.4667938368723753,-0.7387437879723049,1
-0.5942602606072745,-1.026035017413164,1
-0.4558340677863161,-0.9775524152400789,1
-0.4068655257393851,-0.3107008461603167,1
-0.5903882104310244,-0.7111904135513649,1
-0.8740294057699121,-0.6186496105520587,1
-0.2609875546218229,-0.8098654698051704,1
-0.8744078624489162,-0.6868281155366056,1
-0.3820902474307296,-0.788207614576911,1
-0.7948733817780549,-1.000665230527758,1
-0.9592957986301445,-0.117329956400833,1
-0.3551883281317848,-0.440394024693917,1
-0.997693949209619,-0.3969141826943555,1
-0.6637391338291179,-0.4824771040547072,1
-0.3832349243032478,-0.3391718177941634,1
-0.7749736786242325,-0.1629936811551994,1
-0.515997594549661,-0.3410861738347135,1
-1.025098472921452,-0.7828994443837742,1
-0.8262603288932027,-0.1892821860404879,1
-0.3354225327017992,-0.5283776231451539,1
-0.4571609999229664,-0.8176868789407565,1
-0.9374126843867785,-1.064881796966312,1
-1.028867357689945,-0.5383551747127271,1
-0.7469904294121275,-0.1318691131485401,1
-0.2850104381648639,-0.2804440096223694,1
-0.2386539186375182,-0.4770361447048643,1
-0.842101354323584,-0.7890134238362692,1
-0.1174035074952908,-0.4887688275669666,1
-0.2417009145359514,-1.077484628334215,1
-0.4752949695649761,-1.036314916745291,1
-0.1109759748779695,-1.037520769385453,1
-0.6306095098583109,-0.130691817766176,1
-1.005282096584852,-0.8946762398340982,1
-0.4906128866519963,-0.7578595940801398,1
-0.9483836858645029,-0.3432718642710236,1
-0.8770906710564637,-0.8755431227200545,1
-0.3570203570615775,-0.8313322800702918,1
-0.9188419810308972,-0.4143920238321738,1
-0.7052988488344598,-0.2430282066701743,1
-0.7920386563512927,-0.4413658369509494,1
-0.9910310782756124,-0.6661267657998067,1
-0.1586424636295857,-0.7252920538218701,1
-0.5929376229654895,-0.8929732118698777,1
-0.5185324484108139,-1.056189273643288,1
-0.219185500319208,-0.4942565275771144,1
-0.6968289588864907,-0.9339952640916203,1
-0.7002887382438363,-0.5709605176740861,1
-0.5933058952581433,-1.026557952868966,1
-0.1180232121635554,-0.9841774860468604,1
-0.8648767559075772,-0.6116887732825727,1
-0.9193564891877484,-0.8011798666716541,1
-0.2792355365334473,-0.618644848620497,1
-0.4128898437738912,-0.6563102246120056,1
-0.2593693843896383,-0.802775559664908,1
-0.6374896578879179,-0.6590085060424513,1
-0.711198195269048,-0.2512765049623246,1
-0.8523575083550334,-0.1496899331202207,1
-0.501153476861096,-0.6618015670005257,1
-0.7504430107015725,-0.7628836247099646,1
-0.9077287994752716,-0.3348350171505402,1
-0.9812789289169777,-0.9220307090541102,1
-0.4711442508848791,-0.2774084441169227,1
-0.7367840268382051,-0.8541350537451136,1
-0.9005371258232235,-1.010179585966121,1
-0.5256736723865152,-0.1865322093334277,1
-0.2329856689218395,-0.8930960442077696,1
-0.8118748909287481,-0.6946131055240368,1
-0.9506644008751663,-0.4087061762432104,1
-1.075679901139776,-0.9510780092754254,1
-0.4161688311294152,-0.7062852608415726,1
-0.7980463591527367,-0.2020727454122775,1
-1.030537753427507,-0.5773109432096785,1
-0.9694784809394787,-1.057081424014032,1
-0.7108230931783697,-1.025056669547506,1
-0.2101241715228048,-0.4126221374613585,1
-1.085210906881702,-0.4867717175776182,1
-0.6915005587682082,-0.186802741779739,1
-0.1437205504242248,-0.5219350321309356,1
-0.7761604903299897,-0.1611240103724475,1
-0.2383719963320605,-0.9482328738714028,1
-0.2241456527191773,-0.7099630802081986,1
-0.1070319045017489,-1.09737557188364,1
-1.004158678157372,-0.9951965939862316,1
-0.9642106590011046,-0.864330990923891,1
-0.2060958151573569,-0.4340706950532058,1
-0.7196286146282773,-0.4773940605053416,1
-0.1078794955867471,-0.1734232223032717,1
-0.8061370222358279,-0.244274047229426,1
-0.5042940911377086,-0.7234696722722709,1
-1.031937023928937,-0.3693642585559537,1
-0.639382221674295,-0.1203588952882545,1
-0.3375439999523513,-0.7972270613773151,1
-0.5488881742092289,-0.2042036124933307,1
-0.4385557910476807,-1.049997491337112,1
-0.4184124192142603,-0.200984006262466,1
-0.2933317805273503,-1.035226112069562,1
-0.9928227863988784,-0.3863581333917249,1
-0.4428594330762005,-0.3214193946784556,1
-0.4479021562078597,-0.492380189164171,1
-0.6507247649836283,-0.1293773302035218,1
-0.2910059325012874,-0.865428225435642,1
-0.4575351936011717,-1.046556525591235,1
-0.6361271646169806,-0.9004719675747188,1
-0.363515737138251,-0.2620861661658458,1
-0.7341583327281689,-0.2372822829700862,1
-0.8005701166300463,-1.057444636049721,1
-0.1504167104977852,-1.07694615139809,1
-0.3188181152951923,-0.6008752057010709,1
-0.4137371857579417,-0.5475251608265207,1
-0.7969398012637983,-0.5474039406023109,1
-0.1425733526732907,-0.82081676682791,1
-0.3341488467065545,-0.9528771271595637,1
-0.4499820546724019,-0.4059236391554487,1
-0.9509890135644787,-0.5570585585809303,1
-0.5983137611030165,-0.7373742456322885,1
-0.4237906114775981,-0.191577921605503,1
-0.2387059005608668,-0.7906500792674336,1
-0.4989280318977281,-0.3309056350943352,1
-0.6226986943546551,-0.2326614472516361,1
-0.7204456966620714,-0.7378900353656321,1
-1.068235901787339,-0.8898398246549712,1
-0.9151683932065409,-0.9667766203207513,1
-0.7751507868012284,-0.337164774190035,1
-0.4566480566407662,-0.1136477103580346,1
-0.6498703194921072,-0.1885674511657209,1
-0.3738443274572339,-0.72990160739112,1
-0.7451199608208454,-0.5688347462663926,1
-0.6853132380350597,-0.2014128093866213,1
-0.2558348427577116,-1.058730061011517,1
-0.6226631036584178,-0.5585604777512061,1
-0.2605863552544735,-0.3994404722656807,1
-0.2090584705347507,-0.5668221802096816,1
-1.017334161065536,-0.8791745791852399,1
-0.1992739758749693,-0.3752777379553667,1
-0.6157938432573824,-0.5659587104538971,1
-0.5820267040666548,-0.5452201896353415,1
-0.3218179234156398,-0.9841217267978108,1
-0.7760752632725614,-0.158795239827514,1
-0.7733275102003032,-0.5511544804670694,1
-0.513436665138132,-0.9203498174759321,1
-0.9377640151882807,-0.9333288278813483,1
-0.7889779806251584,-0.911493256083556,1
-0.4409308133812746,-1.038885310301732,1
-0.8967400367712819,-0.6632921879745479,1
-0.5265535312400839,-0.9811001150926378,1
-0.83414680168808,-0.4522126404891442,1
-0.5555740263341501,-0.9378429255665124,1
-0.3170728874192793,-0.2757672563434466,1
-0.4561690517797425,-0.6137860416248804,1
-0.674264155071727,-0.7671896296405092,1
-0.6044117001837344,-0.8909118349689167,1
-0.1803987697028119,-0.7467080168264606,1
-1.007697739590913,-0.1085112737101775,1
-0.8952480947125221,-0.1069761945406338,1
-1.049905135328592,-0.5148821353872066,1
-0.7461537553892228,-0.4410903771159297,1
-0.3099138479938068,-0.5616229612997132,1
-0.5699792577911253,-0.6569332438201085,1
-0.7634229356881082,-1.057566781114325,1
-0.8004047706878448,-0.9756309674892952,1
-0.1380673737281899,-0.761420692481998,1
-0.8758627262139715,-0.3252777767513815,1
-0.3830684825535964,-0.8580226931648376,1
-0.8272722510616639,-1.05857729276158,1
-0.1076493553884847,-0.3002004392270484,1
-0.8885793844782588,-0.7199873313664367,1
-0.1347459023720399,-1.063992631772901,1
-0.291304062702908,-0.1288983313375804,1
-0.7487072162658466,-0.8165493253454201,1
-0.716194114474938,-0.8071192920283459,1
-0.823413201295349,-0.9113462947453275,1
-0.9968516082972178,-0.173104702960961,1
-0.5922127718253268,-0.8774158816089457,1
-0.8435418973694886,-0.5054704560888943,1
-0.3120818155371807,-0.5930092535774335,1
-0.4942286592338196,-0.2091785788569258,1
-0.6298088927148064,-0.3060302064963111,1
-0.6467469727372086,-0.4000922613016739,1
-0.1809601641122803,-0.692501626714384,1
-0.2957755327235075,-1.096353415557645,1
-0.8450997108849618,-0.525204309613245,1
-0.7704573383134818,-0.1195386419883777,1
-0.4506474368142772,-1.01974198806996,1
-0.8615427666982307,-0.4520740088321289,1
-0.1715361088685746,-0.4306224957587066,1
-0.8468683276560065,-0.7701404766426787,1
-0.7469888743854853,-0.2964573085287699,1
-0.1192828480964628,-1.000528280784899,1
-1.057543845086905,-0.6685528241231167,1
-1.032023447861644,-0.2020074987580543,1
-0.1482438747673278,-0.8468275212615992,1
-0.8528325243543569,-0.9315509054997815,1
-0.4828033647763537,-0.1775819889292599,1
-0.5491334791242722,-0.6071295262461285,1
-1.044342090051646,-0.5596452509417682,1
-0.324963191354895,-0.2211582998796562,1
-0.1648161748716157,-0.81196633455436,1
-0.3452818184610207,-0.862054398501634,1
-0.5967306608788864,-0.6489545900749947,1
-0.5002573753007499,-0.1914858429955525,1
-0.609488021187709,-0.8709084774035718,1
-1.028904922706894,-0.4975787024688852,1
-0.7058616530002495,-0.1314826841041369,1
-0.809245694163365,-0.5129928715791189,1
-0.7958905843748092,-0.8094900770688669,1
-0.4908119067286276,-0.6705643947242499,1
-0.7382830014595825,-0.6491433136547131,1
-0.6291385304232295,-1.074535780158694,1
-0.8629947175108512,-0.4514995679403028,1
-0.8373542305114161,-0.9975881657040022,1
-0.6174651854252429,-0.221010765813199,1
-0.9624459467320661,-0.7254428126400814,1
-0.2328470485485961,-0.8625654385022314,1
-0.1454231290324631,-1.08843565637062,1
-1.021538472658155,-1.053494624433003,1
-0.5421456246659588,-0.4516992711222483,1
-0.7077090757667444,-0.9725047232956832,1
-0.9771943879672049,-0.1035669088030159,1
-0.7054585883053162,-0.2352020043958348,1
-0.3796480695161611,-0.1743272316995655,1
-1.073870250288436,-1.044540602976078,1
-0.9348004493050197,-0.3846003690042045,1
-0.2855830347256503,-0.9790502773353649,1
-1.064780073269081,-0.1163378795903111,1
-0.4408896113132805,-0.1433764483717094,1
-0.8057783971737116,-0.8812307863081899,1
-0.8249185393226341,-0.5816327271761792,1
-0.5289458925849286,-0.7629993065337255,1
-0.9204037462045176,-1.012338778585863,1
-0.5461741151901459,-0.6188359379303994,1
-0.9288791964641545,-0.9415016093350526,1
-0.2311606420233563,-0.8718066192532323,1
-0.2947788328025674,-0.2547626939058575,1
-0.714019300827281,-0.1146423596014118,1
-0.726000339622076,-0.1642098996094568,1
-0.5212918953499311,-0.3172414283813362,1
-0.5674170078446107,-1.077732356959551,1
-0.8308219613374339,-0.2755705467871497,1
-0.3706162045180866,-0.7183778531046057,1
-0.4573201453661682,-0.9415318997121436,1
-0.2290693276333226,-1.052256366757519,1
-0.1611330247726277,-1.009416731360107,1
-0.5822345217441864,-0.1616347643353127,1
-0.1105179449830576,-0.4898761089228006,1
-1.026713834836013,-0.8322030372420701,1
-0.1675350214135729,-0.8755293536657971,1
-0.696415310394523,-0.7713112846739376,1
-0.8197488267779682,-0.4003914160483666,1
-0.6247701986089722,-0.3745999045713808,1
-0.1207248261053273,-0.3345021400906493,1
-0.6685049747024514,-0.4996475873025575,1
-0.8318759608217878,-0.1387475105581261,1
-0.7856035056941872,-0.7954754979274676,1
-0.8771222016606626,-0.5444741995397107,1
-0.6672372367237234,-0.6246445958207576,1
-0.8065786255532892,-0.3353085995143894,1
-0.7288937334843535,-0.141846548097902,1
-0.9829067870481567,-0.4509287586863778,1
-0.1351974169719636,-0.4772781769001954,1
-0.7291998424045276,-0.7718256038423144,1
-0.9272029379600852,-0.5228738458066806,1
-0.156779627428644,-0.6827821856490799,1
-0.7346995517288233,-0.531192705239781,1
-0.2975893282845018,-0.6780137875993959,1
-0.1649924604608165,-0.1471585430596427,1
-0.5794062187116004,-0.3936960102930913,1
-0.4334897640826074,-0.2068187040020175,1
-0.3908628985163008,-1.045442675055014,1
-1.063495847748825,-0.4431360700619149,1
-0.9230817304311714,-0.3188862877400638,1
-0.1874967800521797,-1.095089478215729,1
-0.7470166723074134,-0.3346872647354278,1
-0.2430731657051425,-0.757401769005686,1
-1.023039725640692,-0.5905394327579131,1
-0.3862968555336531,-1.074435818262133,1
-0.8371123110129699,-0.9590413347164359,1
-1.06394499265291,-0.262195934076859,1
-0.8349719445534738,-0.968104940358461,1
-0.5333970018134087,-0.4238082943745879,1
-0.9653241710956679,-0.4687746353186389,1
-0.8201627614096629,-0.3169667925466547,1
-0.5372167718492104,-0.6069161008192772,1
-0.2376984383618448,-0.9416783354867411,1
-0.2533138337144515,-0.288488025349661,1
-0.9476370796774363,-1.001096559954981,1
-0.7910718999400639,-0.4989980565977453,1
-0.6608728754781092,-0.7657170277817589,1
-0.1861956014865584,-0.4282828754447785,1
-0.8021224237991267,-0.609428420653312,1
-0.1791102994550959,-0.124355611718248,1
-0.2048099192636386,-1.092146941137466,1
-0.4310394445642329,-0.8738140260038905,1
-0.147530226070656,-0.262518209105764,1
-1.073878467382566,-0.5903856767905661,1
-1.079347289277033,-0.7551824208507905,1
-0.5729450193619328,-0.1018213934502152,1
-1.048588983661864,-0.1228679138962528,1
-0.5175184446522636,-0.3649963631273498,1
-1.042379733269004,-0.6992709051375943,1
-0.6122113950852501,-0.215842243231954,1
-0.9787011821110181,-0.1619121882985496,1
-0.2440904693167488,-0.7673017784828322,1
-0.5833205439118454,-0.4687765494521807,1
-0.6706244309589715,-0.8014016019138337,1
-0.9918402305847716,-0.3679592092609226,1
-1.001411776920129,-0.5402942351970595,1
-0.6402722564725283,-0.4288558480357263,1
-0.1772512618406202,-0.8516117837941959,1
-0.2283357543523538,-0.3182841996261211,1
-0.2550997633250908,-0.2987002593303348,1
-0.5404978107524744,-0.3158042029897049,1
-0.2275851500422971,-0.5253815993303113,1
-1.004503955429689,-0.3308394854087749,1
-0.9857539664355394,-1.003920057290615,1
-0.6871283789975668,-0.589190145017501,1
-1.080044060632872,-0.5266655477392251,1
-0.9073072688698893,-0.2143757400404038,1
-0.8553302317201206,-0.8251142863107965,1
-1.080420714277319,-0.9506593279590971,1
-0.2765125553111286,-0.4151375096400742,1
-0.3453836918549589,-0.9094528612405179,1
-0.7171884267867397,-0.2197808193973487,1
-0.5331611118194235,-0.855649185103472,1
-0.1680382997111124,-0.9624998315722382,1
-0.4768390759913065,-0.4160565302924837,1
-0.9388869237522897,-0.208684055308064,1
-1.030464360909621,-0.5890426978575812,1
-1.088719728727468,-0.6986400901988989,1
-0.5612797427390955,-0.2728038783064686,1
-0.5242749860050103,-0.2950725770937509,1
-0.6790405837027491,-0.9693972700526929,1
-0.5641524517598311,-0.7332077932558296,1
-0.9291341636050161,-0.3622145020409983,1
-1.061708472187862,-0.4247634068484195,1
-0.5839414402215971,-1.06428952235372,1
-0.7364229768359696,-0.35747509289341,1
-0.1126737324137025,-0.5940668757804844,1
-0.8317058312624928,-0.566182106019643,1
-0.8240989279793172,-0.5862434467791749,1
-0.7890774538015137,-0.6879349826886261,1
-0.1141205253227,-1.004088787377481,1
-0.9545977768901195,-0.3323432954664592,1
-1.043227087153103,-0.2124322161586966,1
-0.7975806491834576,-1.022819260206608,1
-0.5766465503919455,-0.4721712937575013,1
-0.7395085592855455,-0.9542599973553409,1
-0.3990279455165426,-0.8009879162040776,1
-0.6442422188756007,-0.7840418396029476,1
-0.3772986213022844,-0.5058887304022458,1
-0.2669870247488622,-0.1125483010709851,1
-0.722751315977616,-0.7552172566535291,1
-1.05256430462415,-0.5388583759358183,1
-0.2498171239588993,-0.4438373097100695,1
-0.1866120902867846,-0.4312599569491328,1
-0.4004894226009373,-0.322744865550546,1
-0.8668082545157394,-0.6138350151648786,1
-1.05478268488572,-1.051902171891116,1
-0.5505170982796612,-0.8332048278207362,1
-0.2673735666403804,-0.9415141006850942,1
-0.7486508819404902,-0.966515132525553,1
-0.9241775973540465,-0.9481106543091509,1
-0.4805122707077412,-1.047302555250842,1
-0.7066252447400532,-0.7753860435835422,1
-0.3710051494986433,-0.8196575533015269,1
-0.34835783964295,-0.6442229323158819,1
-0.106165930679911,-0.3231551239132744,1
-0.7354580721095667,-0.8035600674136441,1
-0.5912901263685378,-0.807279967622492,1
-0.3465015312299031,-0.4081721688180722,1
-0.2883458834125678,-0.748886263864905,1
-0.7981255046179097,-0.9431057925100426,1
-0.1686190724496602,-1.085790538683978,1
-0.9081989525942769,-0.1442676707778567,1
-0.604508853663217,-0.4855143005371413,1
-1.046392514888284,-0.9592988154838784,1
-0.2575621376222479,-0.1032564347653976,1
-0.1892490226467478,-0.9754896709494834,1
-0.1530638168621219,-1.087956645966286,1
-0.3378903290108617,-0.7381949616656347,1
-0.4242817035931584,-1.040441369023816,1
-0.759698392904123,-1.064802306484392,1
-0.8869269519038652,-0.3833339411644673,1
-0.710538107906135,-0.3636661776282787,1
-0.6540983824639197,-0.3646779179666143,1
-1.034392577528095,-0.8365055790912679,1
-0.8558847267782543,-0.4849625000467348,1
-0.909391632100224,-0.2143786414356291,1
-0.2226553037437038,-0.712857587554848,1
-0.1807233496901364,-0.840244283887811,1
-1.041609291578065,-0.2074212666061663,1
-0.1357476627626708,-0.8416903815861665,1
-0.4481448255252805,-0.5855184891888252,1
-0.1561466354262319,-0.678597116646638,1
-0.3614673461470276,-1.064630457005622,1
-0.8286070388913396,-0.5046526198406046,1
-0.1432086809362983,-0.9240534932734492,1
-0.2990077525882103,-0.7709481018878179,1
-0.266152423908225,-0.1298139532249007,1
-0.8658920875127882,-0.8299550952996819,1
-0.8688629166995536,-0.6221097249958893,1
-0.5735664042559629,-0.135685880427945,1
-1.016704386188601,-0.1250053112850822,1
-0.5893254519087249,-0.3212739114751227,1
-0.1175616670947659,-0.1901293628185441,1
-0.513265932528724,-0.7879909333146848,1
-0.8799789529553721,-0.3405542158509488,1
-0.2964517079889648,-0.6912307464643748,1
-1.082557084717089,-0.5303446839520015,1
-0.4971736233178922,-1.024794360212476,1
-0.9526613349382398,-0.9900333874397483,1
-0.4254361919278138,-1.004275394454379,1
-0.8406603420538925,-0.6446756767348156,1
-0.6328133520038952,-0.458910743156717,1
-0.1247845590878217,-0.1581651348573543,1
-0.1392381425054923,-0.3655843266501723,1
-0.4628845383401006,-0.9768191197045091,1
-0.2768968865190861,-1.004987983464897,1
-0.3583764170239186,-0.3482653612714075,1
-0.8514366100059805,-0.4687019375812488,1
-0.8421307440964843,-1.013230034007775,1
-0.622950319668244,-0.4804340531103113,1
-1.00148210217038,-0.4718930003335662,1
-0.3087204454600831,-0.2422444705091752,1
-0.2426539562008403,-0.7300187732073098,1
-0.9110557436459097,-0.2756017606034786,1
-0.6826314683731651,-0.5075659659020794,1
-0.7960937980382643,-0.383000900431169,1
-0.8181899879467329,-0.2467937858170902,1
-0.5521667456781547,-0.7512379167063312,1
-0.2519992937046248,-0.1769198003207718,1
-0.4298239413409979,-0.8465797989548729,1
-0.4784191044696426,-1.099137756861973,1
-0.6754738511196314,-0.2564207624976494,1
-0.4494710701628939,-0.2901387885223259,1
-0.4067365549797924,-1.089361242364554,1
-0.7097220694001005,-0.5936736711487175,1
-0.4077484043005218,-0.3046248520465539,1
-0.5709326360151016,-0.9730457188648427,1
-0.6274465923286352,-1.04416075447233,1
-0.1330963570587353,-0.2444284166800244,1
-0.7542415732045464,-0.1388098978800228,1
-0.8436620991538846,-0.7149153725490425,1
-0.7623164791804735,-0.6670991824961494,1
-0.802715919575635,-0.9582024649995704,1
-0.5409499615664179,-0.8042592008434917,1
-0.2408692368558812,-0.1938867596737524,1
-0.5340998382736748,-0.8514005696422409,1
-0.6563271654114773,-0.8534908729112161,1
-0.7352384283412035,-1.042096229681028,1
-0.1846738776828903,-0.1986567951075094,1
-0.8425982223145074,-0.8058755764295189,1
-0.563060965318587,-0.3205816966498045,1
-0.832044749556029,-0.4491584866577789,1
-0.9585823341893251,-0.261248887883363,1
-0.9060253986827531,-0.4853669536248466,1
-0.8511000634532027,-0.4956875007309388,1
-0.4508967609828132,-0.2822074102532139,1
-0.2543868427966759,-0.8179885506507161,1
-0.347742251747617,-0.7018689040461654,1
-0.5957723675346024,-0.6107605879386477,1
-0.5378676678209952,-0.1072739495545987,1
-0.2797116718945134,-0.4719390177174223,1
-0.9235131487243589,-0.4823211080900177,1
-0.5711065959976768,-0.6153858564733621,1
0.2958307549444922,0.841954734101912,2
0.7929531464238446,0.5506392081447835,2
0.8766292651779408,0.1627060158368257,2
0.5662607057585008,0.1688912892254668,2
0.8113651398928039,0.7729943008728274,2
0.9136400747882963,0.5472036295311647,2
0.5033550875100871,0.2903830380285061,2
0.8176581323116583,0.3397363547720144,2
0.5424850689381764,1.007610988417247,2
0.8995433602520674,0.6665947174687361,2
1.009506271536119,0.5059994740706224,2
0.8472056919168512,0.4172133260728778,2
0.2877156869936968,0.8149045602798198,2
0.6218106135956178,0.3853552163253138,2
0.557550140290164,0.9160332583413879,2
0.9390033654068178,0.4608068829290205,2
0.8721921728114372,0.3018561431587184,2
0.7905672422125444,1.030673316947378,2
0.568019256103468,0.866032389055623,2
1.006042545602646,0.7367572314208808,2
0.9975212450122515,0.9465447813134005,2
0.5944698234206287,0.4605470983517745,2
0.9981222288769368,0.4460763792172359,2
0.2572258533199199,0.2265483452645717,2
0.7445311296133112,0.27755379475836,2
0.7595226121793106,0.2063152350904301,2
0.2513468139231266,0.8864680727361725,2
0.5493092129132373,0.2162402444868065,2
0.3446073385182568,0.8961468325371357,2
0.617183972076063,0.1886988238940848,2
0.9323527837366249,0.6927923138817507,2
0.3791259221761168,0.818540333535781,2
0.3838429297955499,0.2652926954261857,2
0.2545595084042975,1.067514762260507,2
0.7053082757014701,0.7167027350399833,2
0.9770796165689274,0.339269089706704,2
0.7768904474481323,0.3908094694784974,2
0.9427109717276987,0.2678018513153203,2
0.1769757323677929,0.2224629042484964,2
0.6142272645174717,0.9961657058627581,2
0.828864205488649,0.2551186176614532,2
0.5153574601898224,0.2394873915205752,2
0.6775187587211763,0.2614066965229978,2
0.4103301550613091,0.3275250493138034,2
0.3713940824432338,0.5535864115079886,2
0.2688561875720031,0.122131756621091,2
0.8874320453592188,0.3348264587924694,2
0.336918486627821,0.1966786364782105,2
0.2168721226252691,0.1116129817571643,2
0.1615281668721761,0.3367713501629983,2
1.036285832499431,0.1821995301489528,2
0.4232463023021643,1.077375843789351,2
0.3677955386096569,0.4857709393766932,2
0.8200156481052643,0.4538132529602551,2
0.7031495868261455,1.066217376518829,2
0.7601168978635314,0.7312958504860337,2
1.032629731064788,0.9855431615597173,2
0.1097846204316604,0.5225117859490076,2
0.8542231947934235,0.291522896585017,2
0.4397870833105797,0.3180258642328251,2
0.3189484556419833,1.081712225666311,2
0.1470439740683391,0.9076557362222275,2
0.2203784495807422,0.1625379469885713,2
0.8541038400823078,0.9137905353711556,2
0.4448851445041341,0.174633717163082,2
0.5502527900053061,0.5763874253657719,2
0.4439646201606068,0.5787270300711607,2
0.4885434947821462,0.6930001208290736,2
0.9230947524459843,0.6054744453654624,2
0.83956955391683,1.088848477447376,2
0.4157965909409181,0.5401487778242894,2
0.8651785558576456,0.6080951824461609,2
0.3290940276638312,0.9740272750437354,2
1.079916255843573,0.7883923300885604,2
0.4629759439298776,0.8813825673583811,2
0.4303876303675458,0.5634412003154156,2
0.365077762856679,0.3430453375790331,2
0.1442144678014068,0.6278597003305393,2
0.6481503539137965,0.7651689033754904,2
0.3158004346826442,0.6036527622517002,2
0.3364407751924346,0.6102953145997266,2
0.6816735429644352,0.2728385410348935,2
0.1001803705366501,0.7868372096576445,2
0.6906846865757049,1.008754281145289,2
0.1923857972187558,0.5912781396284865,2
0.2155028489882746,0.6411154570103171,2
0.9778968950343992,0.5291179088374971,2
0.2356955480804186,0.9835428259144949,2
0.9114818664658156,0.767534281519363,2
0.4421995624797683,0.7101202975672924,2
0.4009265720189684,0.5858787789173607,2
0.3276465812622562,0.4822663642744587,2
0.9204807402708368,0.1477373306743809,2
0.3371350494637594,0.7174522595056193,2
1.09958711417912,0.1270699093878669,2
0.6380674149085706,0.4647156553053099,2
0.5975518226715405,0.4936744826384076,2
0.9027660004131864,0.8292173355229889,2
1.008808428730303,0.9044883342766027,2
0.7181433727397052,0.6758838882252119,2
0.8209766278470823,0.6907184324417167,2
0.5966644737473935,0.8787354330682469,2
0.7852836852839262,1.039505372286382,2
0.5603184703383118,1.054861525182987,2
0.539760416961506,0.3702960412692999,2
0.2009432850356918,0.6228937117822209,2
0.2405480347462761,0.5586553795644239,2
0.8014746591568584,0.110918525770755,2
0.2881221473906579,0.8060990954652231,2
0.7693113240112224,0.2298428853960035,2
0.1863290827604844,0.8373265808633189,2
0.2439405593937811,0.8348587195321643,2
0.7873702139090692,0.9209424644224211,2
0.5930606473905352,0.8654094241522665,2
0.3581594151136348,0.8877571836953437,2
0.4980291026978345,0.1613790100224583,2
0.7106608147922033,0.2423256330800399,2
0.1769147492170335,0.8357880324829033,2
0.2187703652596101,0.8006848394944127,2
0.4556777342452422,0.5550249821275416,2
0.3653279619440574,0.2282878918486967,2
0.5234018505826672,0.9068865722869796,2
0.1070053326482116,0.4299692830627569,2
0.8435771153000533,0.2592607672148556,2
0.8235572793697986,0.6132180979990995,2
0.8016109942674158,0.4339206290652615,2
1.015250586241809,0.1563561379149762,2
0.7864823584381997,0.4243141365926238,2
0.3546892833877002,0.731357644901572,2
0.4823420320745466,0.1095277662563303,2
0.4956175752619639,0.240357530670465,2
0.9563123371445966,0.2699573876004805,2
0.4230020402144506,0.3763112617455004,2
1.05904293890715,0.5569386517640422,2
1.014393014933329,0.4429929861418694,2
0.7039056189376184,0.5359385496576726,2
0.4671547358617265,0.3346599803051001,2
0.6652216836208131,1.093212119710409,2
0.7364416673697162,0.7471903275846321,2
0.8174624151398046,0.1680188931892732,2
0.5860891230100975,0.5698312141535889,2
0.9059679605976095,0.1009498417181709,2
0.2110938581545905,0.8429002081014342,2
0.9675943586031989,0.2557077573993474,2
0.5232736425425362,1.004842849987618,2
0.1850401123939762,0.786599412774535,2
1.069678054364376,0.3338980614100872,2
0.4863979415397428,0.9154581167600241,2
0.7885467737325322,0.379844535483577,2
0.3091529579190241,0.7091936727623146,2
0.8830368308871744,1.064026117597457,2
0.4773830273394285,0.5860135319852446,2
0.9056969443171838,0.6978191659550512,2
0.1391426878645564,0.9186254821912931,2
0.180753656105994,1.091225696019523,2
1.014917889177811,0.6523864364782831,2
0.3474227618491311,0.306820670966633,2
1.088650584196596,0.7198522184091748,2
0.7746492041812169,0.5770980371482389,2
0.3733834955898119,0.9960983153767552,2
1.006670529233153,0.913105073950638,2
0.4828661077857163,0.8385459116618054,2
0.7658902786992858,0.4969816908811431,2
1.065001079228601,0.7034457231193667,2
0.5268505102553132,0.3883981688431972,2
0.1381456203474222,0.8705781742644476,2
0.3356609476915318,0.3196323477031603,2
0.4064155005200629,0.2560243548186383,2
0.2190821558636949,0.9028275054851498,2
0.8101350417303017,0.837206383848176,2
0.8859349251052169,0.8318184323484862,2
0.84815765079331,0.3672513045775953,2
0.3513336323234719,0.8023820085651203,2
0.8551684794540821,0.5129621151161041,2
0.1713583755465506,0.9431300509763929,2
0.7172319445849221,0.4441243676270015,2
0.8812296789884373,0.2178955209182323,2
0.736395520578624,1.048544201279181,2
0.1867673820598318,0.6041053614143281,2
0.4036437457388649,0.6356480342279944,2
0.9323408227186207,0.6366817892184888,2
0.7268175916403919,0.3917129040184424,2
0.5916969221548265,1.049841067873775,2
0.6841348742594635,0.5450046599239184,2
1.031933407802069,1.070895093267564,2
0.4906339796113824,0.51561783040152,2
0.6258996232742999,0.6608695178831047,2
0.3313427107299657,0.8718304221771351,2
0.929115747265261,0.761253252189799,2
0.8282740797989163,1.073403861361543,2
1.069993773600317,0.4798296289505101,2
0.1107605442949164,0.4246732835912413,2
1.027410804666324,0.9307851056977915,2
0.3372375618240094,0.4230579015684507,2
0.6941834305970404,0.4433338603172652,2
0.4087647228158671,0.913287391578095,2
0.5022124397225269,0.8525849216258639,2
0.1901699044340404,0.4249576699069528,2
1.094588315211983,0.8125759971875223,2
0.3413800571654315,0.8603582664204849,2
0.3250587187269895,0.8951887356407807,2
0.6934600821479356,0.5367505316402238,2
0.796563179845077,0.7574398682708451,2
0.9115664443282321,0.4388488283140657,2
0.8483598802826913,0.9807142460354605,2
0.6103253554752058,0.7468288472493231,2
0.3302286324221433,0.379169854274967,2
0.4026210686781196,0.6382789276240005,2
0.5305956865566031,0.6311011432202497,2
0.181458230569039,0.5272409978647447,2
0.7468211131902177,1.005306888135661,2
0.7268470468499169,0.1176144673032648,2
0.7191566552131762,0.5997617817993431,2
0.7543038809248204,0.575533982483355,2
0.5744522363124308,0.3973920994546251,2
0.5798367610625548,1.077418333239538,2
0.7486409913402347,1.049536670753061,2
0.5914813457803519,0.3958115118195947,2
0.1854639573354415,0.9145068863220581,2
0.6850452860602823,0.4992620457877617,2
0.357887331762469,0.7834544967870509,2
1.004564314625647,0.650953549282462,2
0.2274466057032219,0.5926747271816217,2
0.2043699009838074,0.1521308802621453,2
0.5475267516989566,0.9412787732945597,2
0.2987495862379301,0.5994553772304778,2
0.4446662355297341,0.283257622342834,2
1.053593239827258,0.4540371331479484,2
0.1648623003932522,0.465808865086459,2
0.4459547196589199,0.5057317907543757,2
0.2254186888094631,0.2454879593148724,2
0.3015276552207778,0.3654930931412185,2
0.5902229997485946,1.035677385660773,2
1.047121993039248,0.6933153500519043,2
0.1160923537422948,0.9126379985863791,2
0.5540629961012666,0.1217252219719473,2
0.5293892577645346,0.7726621436349049,2
0.6696670116270113,1.079175683355513,2
0.6385402566956563,0.6405773811343478,2
0.961928379542391,0.1544067107943001,2
0.9259472794846177,0.4201059560491387,2
1.017776630704487,0.8985658093744103,2
0.66871948099968,0.5125460520691527,2
0.682999251695833,0.891870388950362,2
0.1265790231390679,0.9567615017023527,2
0.8120620601198829,0.9513867743170737,2
0.8679521794053308,0.7578018932765636,2
0.1295493389810828,0.6632061955810934,2
1.029760776317157,0.90802994251696,2
0.4773693097217985,0.6897810858039118,2
0.374472303062892,0.4322178106490027,2
0.961183205878115,0.3533257808554461,2
0.4714404561282585,0.8003205613542115,2
1.0309567254213,0.3182984136859071,2
0.8420558554951503,0.701099668477685,2
1.094223888783797,0.9445987478586096,2
0.9136367467696859,0.5240276314453729,2
0.8887224354075034,0.1837516133648172,2
0.7557857977158464,0.8481636842923747,2
1.012863291661932,0.7551648517230247,2
0.153279513306751,0.7361495903495759,2
0.7928401403608359,0.2489191013488314,2
0.8245279277923404,0.534404342367139,2
0.7296444126173527,0.5339794203905907,2
0.5712970507039178,1.036395054946478,2
0.7235981131186613,0.9833025734819714,2
0.1901204050549672,0.4262435814250251,2
1.04540278616655,0.7656974457251569,2
0.1879775825894985,0.4066507275012468,2
0.3103353427143373,0.2657624862881899,2
0.6523342695393151,0.7858804589059847,2
0.2102822558145366,0.2874457776435539,2
0.2005853203417235,0.4219542013096048,2
0.8761185949016781,0.3530872460686398,2
0.5010276073114863,0.4123086665505136,2
1.077064014424647,0.2313680706300969,2
0.5642230896253323,0.1774524631471047,2
0.5208364283223914,0.2611509288815062,2
0.5247941781792724,0.6468181351480616,2
1.0490626231915,0.8693306209087072,2
0.4801758009551765,0.1972875366642995,2
0.9930600925590064,0.1263858588418834,2
0.5250030515244208,0.2987375480505335,2
0.4488897392333142,1.079353364818357,2
1.092057394290576,0.572220640617378,2
0.3379514862711823,0.4207290552218101,2
0.1874061107182962,0.6826654282270488,2
0.8389990048006685,0.2280226346231404,2
0.5718579846858228,1.01759858179929,2
0.4378356414313448,0.6171381305815844,2
1.003037290339695,0.1156749640222951,2
0.8730530540865107,0.98369386283393,2
0.2666006806221886,0.1561987652123962,2
0.2530863079806367,0.7214112911752076,2
0.2894045932563215,0.459856159578986,2
0.7561709732320748,0.9452144011106408,2
0.5132644939612415,0.6570221047013145,2
0.5317096539410961,0.3833502666417279,2
0.4314812241914404,1.003048324450799,2
0.6274411419759159,0.3355490974555393,2
0.7922141696613996,0.3917604469015512,2
0.6344173235451308,0.6142968031623616,2
0.3500649396771952,0.3409078718242522,2
0.1248944819148781,0.4924610132219319,2
0.1519930563217771,0.7822073818508871,2
0.8887192747574741,0.7077293391062449,2
1.025010464534716,0.4236325492221142,2
0.8681309681278214,0.1617952907522989,2
0.6946086430120947,0.7588336412925938,2
0.3995520913830484,0.9129256639999953,2
0.4781928139566383,0.1339881860421892,2
1.054932636098014,0.5963991738844123,2
0.9777138106032354,0.4570639631036461,2
0.3324672799654406,0.2376824549142341,2
0.3855630200701849,1.097879004104733,2
0.3047268470721227,0.1020971779825864,2
0.116659962773219,0.4986907865381079,2
0.2094918391327467,0.3255758759351218,2
0.4178622805593848,0.6646128617040118,2
0.6700082750225412,0.987227152044075,2
0.2213632814157031,0.507857405660046,2
0.9842985033201451,0.5123285190116332,2
0.6293339354391071,0.2678033722991089,2
0.4612888761168681,0.730683318467927,2
1.096032195584166,0.3247635771732295,2
1.067720717342431,1.031502051983063,2
0.6779946657237026,0.2255039001978663,2
0.3154700178831639,0.2592323563785955,2
0.6741661543823532,0.6063132647192441,2
0.1133141636941676,0.3155819100910261,2
0.9775716379192763,0.2965347343729802,2
0.3609739524153993,0.9501240196468435,2
0.1641845612500972,0.9634142280675272,2
0.9052605168203496,0.1770804221807821,2
0.7432517909893651,0.1752684403884058,2
0.7244739356584724,1.015922358057093,2
0.8688286294758679,0.1224906183140782,2
0.442911812644273,0.4016224545540458,2
0.6790216884073461,0.6901493418983183,2
0.254974430476163,0.2052105291793905,2
0.4677410751229539,0.5544203294917273,2
0.6712581655271883,0.7347340722791836,2
0.4992181495882505,0.6628759415663357,2
1.005132955672976,1.091143055988063,2
0.7792476501193206,1.020741830421505,2
1.042313730187435,0.1949816369425036,2
0.1391404285002727,0.4291497873939428,2
1.021458475032436,0.8082534154626828,2
0.4227684196862433,0.4791928192563397,2
0.6354708042558347,1.025314701553814,2
0.5491423843818357,0.9669013346337786,2
0.1116849141642499,0.3193369783209303,2
0.2176199110671561,0.8810269177019735,2
0.3437718933532237,0.9371469034801563,2
0.298163588031462,0.6555290106614806,2
0.3290568905586515,1.037386198670502,2
0.6568320210919103,0.4237766945651659,2
1.031841029869926,0.5133866400119345,2
0.2613383262743511,0.1838403330132587,2
0.2721716856847493,0.5629765516382008,2
1.074397170095778,0.4725163421735682,2
0.4569521046973861,0.5386482276776886,2
0.3568800171230799,0.2331178969179424,2
0.9723657692163635,1.084479985760003,2
0.1026429669138505,0.6146918476270475,2
0.9536811750074499,0.6748244385373361,2
0.7160462478159263,1.044610245552985,2
0.806927033317664,0.9420747558944929,2
0.6151945243448098,0.3568390157846845,2
0.7090026455997966,0.4912581378819756,2
0.6839996540941696,0.4721532450159391,2
0.3975586424689216,0.8484608601896387,2
0.2509327827250756,0.5559405854722532,2
0.6703183024853741,0.1168965805260832,2
0.4178161202050881,0.6310378548072458,2
0.226951101825108,0.3031000886344427,2
0.7308356602106244,0.9116575396964876,2
0.5450105037183378,0.6711923320055025,2
0.3579439085783688,0.9248231728097887,2
0.8408186402081091,1.044109170296598,2
0.6224723761974266,0.6790336880666286,2
0.3215188897838478,0.7385143578858078,2
0.8326588120429911,0.2383008465208103,2
0.8000693856995753,1.097397949811958,2
0.3832758842628767,0.2310555898765615,2
0.7116815479057081,0.344656895907489,2
0.4796773585492173,0.3020222718753713,2
0.2200192895292433,0.8722736070211392,2
0.178590159835536,0.6491696148427775,2
0.6697062262678372,0.1296125970255929,2
0.8068733411386954,0.2482777934500931,2
0.4910416033928648,0.3522344007311191,2
0.6724235226809032,0.8253198937347207,2
0.6534179380971555,0.5257548718247826,2
0.8740542457706547,0.2610861894861078,2
1.011010972495092,0.1104469469473152,2
0.3003996372202741,1.093204811784876,2
0.9483462850196949,0.9490473720037118,2
0.4751057503575749,0.6348798480027324,2
0.7841494607256381,0.7421545079418133,2
0.2801990964006627,0.2328251207158696,2
0.7163716405615276,0.2588110979611471,2
0.9097563519042146,0.277008228624718,2
0.1154390537761672,0.9514696781804612,2
0.7055409954926056,0.3341445406114641,2
0.3463231984780278,0.624844285845822,2
0.726420826339726,0.7416118452302946,2
0.695083693523702,0.2382006950879767,2
0.9585813954373119,0.7097736129871608,2
0.3599408754163124,0.6232804094093685,2
0.6397642538149186,0.2558061168474404,2
0.6956070147375523,0.1788408025524748,2
1.052843896890499,0.5324219198897322,2
0.2259651210376608,0.6370741146921866,2
0.8612511598531946,0.1844674700404685,2
0.2903988385511199,0.5621189539879092,2
1.077646413357732,1.022291604231189,2
0.6520434219875152,0.1506566540868282,2
1.03816063877639,0.6073823196854816,2
0.8212597273571176,1.067228256488032,2
0.7971177227787942,0.9755847257357898,2
1.089726510940758,1.008344356336533,2
0.9455279582379769,0.7533572340824786,2
0.4499136000874741,0.7522803907139014,2
0.8584034192741761,1.036638080120734,2
1.039909727746281,0.2759949692969377,2
0.7846638749744039,0.5789022394715116,2
0.816199249755166,0.9326984977676922,2
0.6598410608764887,1.093452683126712,2
0.3763175323109794,0.9370240956614393,2
0.5311994155367135,1.079026345381317,2
0.254427905968875,0.3007898465530481,2
0.7431600943783843,0.7316355408373563,2
0.4297095985939691,0.7873206077291188,2
0.3543022217444969,0.1125800814634876,2
0.1585567375528399,0.1238843995703054,2
0.6496846280276801,0.6879312310878769,2
0.550752265466208,0.5889752057724419,2
0.9069073066205451,0.7490315180359169,2
0.3418409377706149,0.1823408826587162,2
0.5018543246328788,0.7410987962382408,2
0.7279125892965416,0.7458985446203519,2
1.09350672436689,0.6109467420100049,2
0.7224697282998833,0.3322406099154044,2
0.1560753132166759,0.6605295466738174,2
0.6690327330490623,0.879756482052051,2
0.4392120694331773,1.015522714675198,2
0.2715544176814398,0.3538420872418127,2
0.7015125625799012,0.5893867317581506,2
0.450465792455508,0.5857853250939844,2
0.3719635574019236,0.9408811606573766,2
0.3538928124362662,0.5054650341638443,2
0.8018339082415046,0.9138595939819543,2
0.5014418676027579,0.3146847635396551,2
0.174892619291704,0.4378830881931962,2
0.4902143033962097,0.169013293851701,2
0.4289294143837509,0.2806484182377228,2
1.094046267553415,0.1102330518740023,2
1.04241309600699,0.6878592346241006,2
0.1755596482182283,0.4415691753835178,2
0.1199026918177487,0.4112609089198934,2
0.7863735778557025,0.4217267475875437,2
0.4120438985916233,0.916976606896942,2
0.8754721417892419,0.9120515398799175,2
0.2036181717361071,0.3698944480761034,2
0.1407712845768089,0.7577685094679359,2
0.9327446389402663,0.6577705111217758,2
0.9944997944457328,0.1610126297615584,2
0.4311261506745255,0.8839061414433292,2
0.9701176231089264,0.2043591098851201,2
0.6426851021354526,0.8159225196047966,2
0.930241702560444,0.3918769984545667,2
0.4115002837455652,1.066908775854822,2
0.4735880876411868,0.3160136721014061,2
0.7802207115824864,0.3200673076879083,2
0.9335002777800183,0.5164020794259013,2
0.1063274461136635,0.4534592511659765,2
0.5008293760982008,0.6206287420871095,2
0.8209448855231432,1.093511252781297,2
0.5632243002469033,0.4565923553341539,2
1.023536445230997,0.1909488799817828,2
0.8054172895697643,0.3952726727813392,2
0.3361762472260781,0.103686331687121,2
0.3462903235649052,0.4157456573503375,2
0.4979608966627218,0.3503996153536894,2
0.8751126191764098,0.3854670896419288,2
0.6862585042525441,0.6660070315802754,2
1.064203626060661,0.4339454155499719,2
0.116097774383437,0.6215474687418626,2
0.3625324252458396,0.9488559361429275,2
0.8458403942490094,0.764079949181704,2
0.4558823177130981,0.5812019082134431,2
0.980102660166448,0.272483880208686,2
0.6627721733624484,0.8327105456374718,2
0.6682666049241078,0.1569159089489027,2
0.7396885477509574,0.9946956841382546,2
0.8748254235021389,0.5839682845676774,2
0.1337457073435097,0.595650954651039,2
1.035734038184443,0.2796006729415118,2
1.04299186830186,0.8902931887670841,2
0.561084346827411,0.9948788328267684,2
0.1037970965447859,0.6739297922005646,2
0.1926113865768582,1.055367938446241,2
0.4351489551911073,0.4868892615133106,2
0.3408443773400177,0.3523646642737708,2
0.1001963019809641,0.9395563008125102,2
0.1800531009960134,0.9516963425315269,2
0.6203238533658073,0.3598374086696989,2
0.7383534499820555,0.8243620730173704,2
0.6808408057348849,0.565774414879436,2
0.6293668122630752,0.3932451025908933,2
0.9876075000854976,0.7934211515198529,2
0.5099368427383758,0.6685287296173741,2
0.930239157905269,0.1239684181909995,2
0.639441930188788,0.3256155263493861,2
0.5875433702567968,0.456801301550353,2
0.6417308880737995,1.088072963402639,2
0.7641732679492058,0.5257344279509785,2
0.7070868836556596,1.035044479786834,2
0.3409941813019219,0.6686367683081034,2
0.7646640743704488,0.2127694990239575,2
0.606627003842824,0.7186461608481438,2
0.5991456289334194,0.690063415228475,2
0.723911661197109,0.4518216738560835,2
1.069253446244286,1.003841835819611,2
0.7303179678969802,0.9704405548665005,2
0.9785945456249667,0.7746836946359061,2
1.084769139526563,1.086017197842413,2
0.4517855754263883,0.5985880772103521,2
1.041332682933917,0.6935148880554648,2
1.021490407870209,0.3613030748005015,2
0.713044221214696,1.040099307363459,2
0.8974266752676431,0.4882969798643639,2
0.2291147551501325,0.704514490753541,2
0.5519484251006298,1.069849522615781,2
0.3560238862859904,0.5077031303648311,2
0.4798254879581316,0.818896990957823,2
0.2217227273301893,0.5544310340526092,2
0.8877535552793692,0.6182258110622061,2
0.1261702048253937,0.8073295043852768,2
0.1559907601732972,1.098570216393155,2
0.2047244235843301,0.2617210550860763,2
0.5864119176814253,0.3064354025695302,2
0.8525823667752223,0.2724858045933177,2
0.4029662735341488,0.7108814824309727,2
1.09736144068858,0.6730683625774659,2
0.8069458417695363,0.1145712105064272,2
0.157421703793549,0.7160347909418802,2
0.9958989677346016,0.6240796130965796,2
0.4349826973635442,0.4817602293586827,2
0.5497408546962225,1.041308950022452,2
0.7278837568876906,1.013813593367171,2
0.7317516547676275,0.2910355929962656,2
1.042707940129551,0.2726741969818727,2
0.4157522741809166,0.3382481224648803,2
0.3872019783018031,0.1045283138175873,2
0.74692515334485,0.4499429292483319,2
0.8111342080483537,0.233014878415806,2
0.2174006544268267,0.6222718013026898,2
0.7816953707315353,0.3136209199224568,2
0.4465520700169132,0.8307145609059181,2
0.5328827770836615,0.3200576063040242,2
0.2361143428692018,0.2862407513420021,2
0.5047736098199622,1.070988692062013,2
0.8516282605621475,0.9953851089865198,2
0.4980813540058426,0.3092080834022692,2
0.4044790450812822,1.085804085407716,2
0.4772501206438297,0.9914082321328009,2
0.7763424256004269,0.3719344221357205,2
1.040911290226082,0.5234905412824775,2
0.9056084996518045,0.5690901579239989,2
0.5929782082482218,0.6718402406440547,2
0.9469652379417283,0.3860903538994321,2
0.3322598810345307,1.088554918616995,2
1.057790706857717,0.5205931127569869,2
0.8526315758305381,0.2000133945324108,2
0.3382278986611759,0.1969223018509738,2
0.4729633825368565,0.3572987983025051,2
0.5283205053325148,0.5680412056653165,2
0.9935737871655265,1.038823806248212,2
0.898142022872137,0.6291265651555119,2
0.2972156975642033,0.8308292308681228,2
1.033255635435845,0.1632172696051428,2
0.8127781650315083,0.6672596469206651,2
0.2932354787514226,0.3710769922223573,2
0.8511071014247639,0.3715326554888397,2
0.2003843093248097,0.7030651458092975,2
0.8090275233194206,0.4360823116035318,2
0.9347114367062397,0.4883568656686159,2
0.3585087190814477,0.5618772507103614,2
0.8027995462950916,0.6791222952547254,2
1.012573109716524,0.3923533417356163,2
0.9559575197773099,0.3220768042900787,2
0.4113603197417977,0.1656875125401465,2
0.7602299848298572,1.018407116635579,2
0.317916342998192,0.4947093227906486,2
0.1390347756523326,0.5067933330477565,2
0.5655478585973513,0.13229855658981,2
0.6726333113297427,1.035165482652001,2
0.1740767557146831,0.9429499691666851,2
0.1243181729797344,0.2787263964143201,2
0.9055485295703295,0.8291591166028646,2
0.3246045971691899,0.3046300638017371,2
0.7758898673358667,0.1063173982183497,2
1.024050491391182,0.6267291701453961,2
0.6170841382542406,0.1493942520539174,2
0.59655870506829,0.8642252053740294,2
0.5325101060994124,0.3629966217570164,2
0.1872637602395242,0.4165254734851609,2
0.8901992390055135,0.3959651381737664,2
0.5184796391184936,0.1866066884914393,2
0.6748841183472166,0.619119822949712,2
0.1811772602860609,0.1080532995558273,2
0.1246916677565698,0.6233979304134946,2
1.008141823323167,1.025769914954709,2
0.8988951792474715,0.5434585572911571,2
0.7463535322156749,0.1127785634367614,2
0.2249983619063818,1.08044158191424,2
1.009992312226885,0.6109118573132853,2
0.4526950884286431,0.8003917014477278,2
0.1060198242270922,0.1717776411838547,2
0.5877740843796068,0.1620474219074167,2
0.8171041002973242,1.041783108115872,2
0.2857416457465242,0.9666621693382762,2
0.6801808684701632,0.2773429179503843,2
1.077394873386388,0.9467802841213006,2
0.5749400946887742,0.118625494211766,2
0.6609313188538027,0.8792813225398179,2
0.9759682617671613,0.23141548622828,2
0.6360218090083329,0.6372530435058891,2
0.6404806885010478,0.6189848418715223,2
0.3745816305642798,0.4250463261244657,2
0.1027539897949256,0.5824416146411917,2
0.9065417410592477,0.9945063346355574,2
0.2562489105981608,0.4735304695215246,2
0.4554314215265121,0.9603702048719835,2
0.768721846298929,0.298716973738386,2
0.5798868092967716,0.9766689789385259,2
0.4341703053926269,0.5005786716601219,2
0.2840197437987257,1.044610025661222,2
0.9425288583906295,0.7502772870177232,2
0.7162235902182591,0.7894333430701357,2
0.8690943746243431,0.4978928030579319,2
0.9645385571677298,0.4770165974288552,2
0.3805204629209675,0.3469663916200174,2
0.9206185547875616,0.7179294394668216,2
1.093454064896571,0.7033135176088355,2
0.1147225449576402,0.6830058391922964,2
0.3389990281869459,0.9614627462312184,2
0.9129101669092508,0.9868418477654926,2
0.1062157679887192,0.4811460772329115,2
0.8995306546728284,0.1198278992022882,2
0.2550497022472351,0.6131347374280868,2
0.7593156204443373,0.5492575926645316,2
1.002328190052634,0.8675390441897392,2
0.3805045973670598,0.8011699326510776,2
0.5836794789230835,0.8802466234852729,2
1.088894024601321,0.3389459522473502,2
1.019088430878881,0.6042255694259203,2
1.023966933171951,1.097158395671015,2
1.070993582939385,0.5573267613488538,2
0.4178416146337478,0.771072728559493,2
0.5567190169379628,0.8526611379813136,2
1.050188417378789,0.2626350433554236,2
0.6106100032571565,0.1393506907838265,2
0.412680983384054,0.4609538935010733,2
0.4206315098531261,0.2164946318966159,2
0.3228810212632605,0.3686068742791736,2
0.9010926901764452,0.6692109148674517,2
0.4985452015043408,0.4202777448176986,2
0.5277647309974903,0.9524607730418283,2
0.6894407166736772,0.3681608213813715,2
0.1969966077372022,0.9079761065919709,2
0.2456088277868387,0.5595642347065583,2
0.996813805670104,1.0610094697766,2
0.8106762687082323,0.5817595877199091,2
0.6377103866509567,0.8904001237657452,2
0.5431943221089169,0.4914455634510313,2
0.5119433370764083,0.582443355872083,2
0.9851586308795871,0.1830969104439575,2
0.8125782198789465,0.8597937536690338,2
0.3498561960073836,0.3332260332043731,2
0.8279949498275767,0.8492000908225343,2
0.2338224696104,0.7972021100467325,2
0.121704825705151,0.2573185790164541,2
1.093582524296703,0.6173721141549485,2
0.5027226331287925,0.979773048764492,2
0.7638057728521177,0.1111290813793616,2
0.5893795957491375,0.9155196357354244,2
0.1557024844180409,0.8050341383344446,2
0.811202956843761,0.1839363717929782,2
0.9289730144755285,0.4525426591293533,2
0.5994078080087679,0.4664847278838004,2
0.5901691181598284,0.6991157166606338,2
1.065702160069444,0.1117869962263843,2
0.7656023967136003,0.1194346334742237,2
0.1573972840546504,0.9437840129354249,2
1.072741576575239,0.6685593439907075,2
0.5399419747419897,0.4162723346219748,2
0.3715294795909042,0.7148235980144343,2
0.5238940573378656,0.9739424757343874,2
0.8964365675104276,0.73964485854537,2
0.3513939006298703,0.3809568648572367,2
0.8978101217165776,0.8681275316068786,2
0.4033626402732726,0.9702734183234208,2
0.6725886575913866,1.073375528928258,2
0.4944176508695064,0.7155854788065247,2
0.4115368140929506,0.8035828831069356,2
0.3674886513096841,1.026130726624406,2
0.3728687834243513,0.7141132096050149,2
0.9947129315288443,0.7160962733485108,2
0.3917495897736242,0.8416564397655243,2
0.1226618438020666,1.047334439919671,2
0.3305805577818056,0.882415997489671,2
0.4951675210630195,0.2161917706138057,2
0.5366284696419398,0.6152938735894066,2
0.2383616531390491,0.7370058572618938,2
0.1998902164969419,0.64849967218348,2
0.4098929802251179,0.9665875695744931,2
0.4867054822405668,1.018310832875072,2
0.1451427641633625,0.2932280607091912,2
0.61766765115545,1.015818807337134,2
0.9456617954908711,0.3459625740366556,2
0.4878621240577395,0.4412933972770832,2
0.2175092780888656,0.8063494944130575,2
0.5804009688021863,0.6328589170565548,2
0.6110079865246547,0.7541756219484078,2
0.4730476775941802,0.5103384914455836,2
1.011273635842455,0.6569691518673351,2
0.8913397695409182,0.1635189384378986,2
0.2942883009893269,0.8807769641391227,2
0.1103497559396432,0.9803920863672353,2
0.4332962614094152,0.7341893483844546,2
0.5743137831611256,0.3992202651703302,2
0.9708871881354898,0.6195115039492012,2
0.3743428516328366,0.2892960521868571,2
0.8406101779798478,0.8945922395425173,2
0.5080561594355054,0.5487584130634926,2
0.4041770022515295,0.204855604186909,2
0.5429259721579143,0.1115885360832463,2
0.805790750318553,0.1643260569307616,2
0.3178425901667993,0.4490623396940243,2
0.8863569023434675,0.6906576824572562,2
0.3024523765123734,0.131893987385954,2
0.9015609657311603,0.2921264203771659,2
0.3287010483056304,0.6933180818107429,2
0.5037859481202821,0.1265634491580808,2
0.914547529801091,1.053797184252592,2
0.1389978301625217,0.2979415454228219,2
0.9471112648218568,0.7910854986701273,2
0.3877892777554103,0.6949752892707052,2
0.8306884022696368,0.3823663967398583,2
1.007146545524479,0.5081730155103261,2
0.3360261435047088,0.2011386946291085,2
0.5310986186101341,1.063604645704972,2
0.4989148489678076,0.6082176886480973,2
0.417034239153478,0.4074159833876737,2
0.7229545142110738,0.4645599016780587,2
0.3574835244527189,0.7051631536923003,2
0.8472932537728292,0.5815537360164563,2
0.8016840679882329,0.1850116393587569,2
0.5192522559452128,0.8885666419995518,2
0.9216565050834941,0.6773806606506584,2
0.2422064617197011,0.2338565455661928,2
0.4889204740260082,0.9156775110628693,2
0.6296136846300054,1.011809675303882,2
0.2503750524202768,1.009142421663912,2
0.2709644822457701,0.4858687949569864,2
0.7730817603836692,1.099016692395401,2
1.021347941907277,0.9748039449290107,2
0.9584297220335095,0.8805792020739245,2
1.083833311692557,0.1603017526564817,2
1.029291242547396,0.5976642189397111,2
0.3026192269887732,0.3560345930212802,2
0.6318186364541258,0.2467558151983596,2
1.081055857008407,0.7280554889823773,2
0.1698833671410181,0.7714083148033791,2
0.6690089076811534,1.03207789147318,2
0.8541338388338791,0.4818206872508051,2
0.9238933093808726,0.3346142835706872,2
1.076067819198258,0.6212134150902578,2
1.086315540994644,0.2099824922192648,2
1.060291388225274,0.6096480783575088,2
1.072629717364936,0.7752667198046855,2
1.006235545097126,0.4517076147564068,2
0.7586070792739842,0.934632320708775,2
0.7584870914585072,0.1985423713479819,2
0.1628774371873646,0.4423919133360246,2
1.033352070065052,0.7072028991302459,2
0.3460702020566002,0.2520203600751616,2
0.4225574945645788,0.8132597906133978,2
0.203893733087598,0.427404526051114,2
0.2782980254748142,0.7303023444280486,2
0.6295409478677195,0.7719963319863854,2
0.2935761814766165,1.019669823215661,2
0.7478049894785248,0.4332234665371733,2
0.2739815902576284,0.7340275084938308,2
0.7599763462246663,0.7333297330019221,2
1.027205937053233,0.745721129906096,2
0.2924271498386656,0.3666851218770404,2
1.07190303075492,0.7916554302838059,2
0.6067152677078672,0.3263059413197008,2
1.009501819488008,0.6389989585828626,2
0.7009671150090394,0.7355742761371671,2
0.1305792088840384,0.7191831429343013,2
0.7519164217162729,0.867582588928531,2
0.252040055108859,1.042893045403433,2
0.8600102297675662,0.6437766642020162,2
0.8367389970034396,0.1829739839475883,2
0.2054752703884298,0.2576435916274311,2
0.2455803289596447,0.2837677450479233,2
0.6798796448292714,0.2226759923919496,2
0.9082633341233091,0.1193682674484669,2
0.1352322227667901,0.7610457793957056,2
0.9864420370896154,0.8530698379698267,2
0.4012835544133068,0.9640195787158248,2
0.8418966103388631,0.2995119776246729,2
0.7935376720433091,0.9332348684918971,2
0.4480543858703661,1.06360753822759,2
0.3888894153084622,1.099770450286397,2
1.024265872711441,0.9910109592827037,2
0.1579363768335184,0.4620500687359467,2
0.2312883250229242,0.6679539500766283,2
0.7557021131282077,0.9137764614056673,2
0.8307988700976338,0.8406034882233845,2
0.4748175107359696,0.4146301254993856,2
0.1867924488572064,0.2247903865927099,2
0.1947087434219777,1.035058258274536,2
1.019854970449646,0.2919517195551317,2
0.5318069803431134,0.5179129744249792,2
0.9570811984820317,0.6920944347993764,2
0.3903410640820232,0.4391512389119862,2
0.7918280525360538,0.5399859588443197,2
0.2603503739615776,0.78673856950859,2
0.1322787102531682,0.9920480891670522,2
0.1634175875925186,0.8758278460412874,2
0.1734523259858808,0.2997700723966,2
1.066837875575169,0.7815151314905481,2
0.5714210560909982,0.787753178245014,2
0.8693401152991775,0.358620787284638,2
0.282389361967326,1.058811041554472,2
0.1157736668504829,0.8284386547380436,2
0.8732100341786598,0.5331719284982348,2
0.3810156475170787,0.610111823183072,2
0.5538655462027272,0.7223826202446909,2
0.621256332293042,0.6323327901365835,2
0.6377538485422358,0.9744980547166177,2
0.3935567264411907,0.9422993636708868,2
0.1519036224599554,0.2456150845065522,2
0.4566212046770349,0.2127162385572806,2
0.552663404802465,0.5033614541964613,2
0.9720073285310014,0.3935403810618859,2
0.6610133223134554,0.8283483284481349,2
1.04867012864019,0.6962293356535595,2
0.1759862639580357,0.5529505362586573,2
0.284560624180739,0.7201659867295276,2
0.998923047682587,0.7410489412448976,2
0.9534752881346338,0.1066150242893878,2
0.732732579193439,0.1617538804589375,2
0.2795497304575668,0.8125825852221233,2
0.6491014010396662,0.6163168742904191,2
0.1620173584938417,0.5123633327114739,2
0.7269594111358184,0.816699442701863,2
0.8303097266282057,0.8927121758918857,2
0.7242476883061415,0.3091430505929038,2
0.2653331045170703,0.4938903150251817,2
0.9888528206676501,0.6696866060755609,2
1.068996041402398,0.4309646787749687,2
0.3643210060147759,0.8428961155148658,2
0.9926570847586844,0.688418293452425,2
0.3682184296320952,0.4867911273080789,2
0.5988716541625497,0.8253542910189137,2
1.003825509878512,0.7205860190425085,2
0.717442343720874,0.8775652721945908,2
0.2638971835110445,0.8312005632885023,2
0.1891417911102318,0.2248809895763519,2
0.3583817300042423,0.4027562815957206,2
1.031055653870637,0.485516286675584,2
0.6859382268956469,0.9668968926486184,2
0.2661113379560677,0.5453224209608684,2
0.9953106605690498,0.1619881603124737,2
0.9446815934475089,0.2655113197704833,2
0.1311238432809337,0.4804222418883107,2
0.3928965336393203,0.7557935276699596,2
0.8362634125272445,0.484872061247523,2
1.0003921386601,0.4084914611177596,2
0.4999853456914399,0.2059213089554973,2
0.1242468826648548,0.8928398275641826,2
0.9767118684570749,0.9907947651103226,2
1.012017085357914,0.5522198422517005,2
0.2062905246320191,0.7417444003348433,2
0.5224366972016934,0.912727088148797,2
0.546155063349833,0.6124486272082794,2
0.6385841625456536,0.2296639103044107,2
0.8655304940057635,1.06678284737519,2
0.7909490638022377,0.6057284020388353,2
0.9676301800575202,0.775378159221451,2
0.8706206726661631,1.010974422441689,2
0.6839794149309139,0.1096876219435011,2
0.1726522808949814,0.7190933039442947,2
0.936842060202978,0.7699356610169246,2
0.4947697205361404,0.8454832027325369,2
0.6087633574786061,0.7909604227336863,2
0.5852754853122749,0.8564242842082438,2
0.9942096737427516,0.1446094449200853,2
1.046206596134382,1.039477606616516,2
0.696912114601137,0.2985954396306851,2
0.5524459035777867,0.6301520626294566,2
0.2750152450214286,0.3836414833283269,2
0.7072081692933699,0.236139390039511,2
0.6028125205862048,0.1883823344760032,2
0.8408240272347319,0.9332037858541138,2
0.5812181871709372,0.8207742105983955,2
0.7179386027121413,0.9082810097091226,2
0.3462573161095575,0.3164420261948486,2
0.6919699007645367,0.7703677526844467,2
0.8991413575011346,0.4005042114218766,2
0.4596373587279937,0.1508747449979717,2
1.042954155853994,0.3461059838797088,2
0.3078710369383062,0.9302957492146233,2
0.6057748564007922,1.085227495974151,2
0.5884391604707825,0.9299997569026948,2
0.3102938471374329,1.074520189524237,2
0.736583224438664,0.329587500368556,2
1.077729405579346,0.6467679591323884,2
1.090122104356941,0.2804575331246963,2
0.8130712345314703,0.4180639453719412,2
0.2040467135446535,0.304411074487932,2
0.927598272974035,0.578037736487557,2
0.9423412352975632,0.4586650038483402,2
0.1500941973780577,0.3405363412988738,2
1.02987894957551,0.1192420753823882,2
0.8315896287011686,0.2809039851666854,2
0.2810272857526499,0.6980267020720415,2
0.8235616186654415,0.7820381789654862,2
0.853630522858053,0.3459711200894182,2
0.229578823984776,0.4796843557699404,2
0.2455835527182886,0.7526039392667327,2
0.7115193283460893,0.3560358853708321,2
0.7876056036126888,0.3094661191674499,2
0.6087830957482919,0.8575033382557576,2
0.9815422882941821,0.1690713926373048,2
0.7847129977825638,0.4315189899467854,2
0.2584829281924531,0.758607628317838,2
0.4259501318529131,0.4184895983944699,2
0.4588395500204028,0.4142628258832221,2
0.6483786330170462,0.3019542467766015,2
0.1532015079379513,0.4774549089106971,2
0.9584594359262028,0.4453306021791512,2
0.4698753450400867,0.4387894202223395,2
0.216835045838431,0.6083654107405551,2
0.9748361573338594,0.7545893503871743,2
1.090064322117562,0.2205834091067985,2
0.1525009569631684,0.1826070653917347,2
0.1072941502564791,0.369425826884091,2
0.4526740451162974,0.1715079107033763,2
0.1507032319854174,0.7779992876544347,2
1.076323314330565,0.6200238632861932,2
0.4247631679786157,0.7336528018613713,2
0.7095114892885076,0.5056658735069215,2
0.5388043536779681,1.000982100985355,2
0.7073844285133102,0.6348006470956423,2
0.7751385991745784,0.7054892822396371,2
0.3376481255589102,0.7516049970942075,2
0.4185487250039343,0.3538100005481641,2
0.1188766481885036,1.07649443496663,2
0.1963776002472583,0.8529814692204846,2
0.8490988348054417,0.5674111655210516,2
0.6213234791825959,0.919963997778345,2
0.1726335714439447,0.5370420214601284,2
0.930607059305373,0.3008732691155893,2
0.7309071932038012,0.9832237313168231,2
0.7222111399186235,0.4420945481607915,2
0.2945639137844877,1.059151981461734,2
0.9225000104783571,0.7541268846420957,2
1.073982420928997,0.5373756767855247,2
0.2855713841236216,0.680172811453892,2
0.7184132994682421,0.3690602134154899,2
0.7063802367998078,0.9385266278435657,2
0.3357145484575116,0.8032425478940984,2
0.9176211110433991,0.8507080637750468,2
0.9154193493277808,0.6521497656541272,2
0.499453041847261,0.4913472790079831,2
1.086503944278083,0.3539146534429124,2
0.7195285548098158,0.1751474432611758,2
0.4932537506030567,0.6055527220469896,2
0.7594213973828333,0.7926133714827345,2
0.7033218420398067,0.5424235975131586,2
0.2185138437959401,1.026096709522622,2
0.3311273917378998,0.1204232187155887,2
0.9682518255356959,0.7381988644737383,2
0.5825276338619476,0.8329845722509456,2
0.897065517180021,0.866694103896413,2
0.2384913550546396,0.4931997581701518,2
0.2327893096374537,0.7021028915192729,2
0.7416237735915248,1.046184580030058,2
0.7963373187267833,1.088119275779364,2
0.44378687133258,0.1508951560674878,2
1.046724338065866,0.5448316843018216,2
0.7940127732788701,0.3336057375104284,2
